0.052345 204
4.497316 1
0.132334 1
0.228373 1
1.100660 4
0.206193 4
0.181890 4
1.275152 1
0.128854 1
0.122730 1
0.145347 2
0.461145 228
0.015853 204
15.626393 1
0.260252 1
0.234121 1
0.097746 1
0.308402 2
0.361249 439
0.000027 43
0.000017 2
0.001304 204
2.118846 1
0.302286 1
0.311316 1
0.882913 1
0.106521 1
0.238899 1
0.279768 1
0.180300 1
0.297685 1
0.156425 1
0.253062 1
0.171397 1
0.175563 1
0.167679 1
0.168489 1
0.182158 1
0.165953 1
0.320034 2
0.264718 30
0.000453 15
0.049723 69
0.267558 3493
0.000035 1380
0.000005 115
0.000025 114
0.000023 366
0.000007 299
0.000004 125
0.000005 120
0.000024 140
0.000005 138
0.000004 137
0.000004 207
0.000013 456
0.000010 279
0.000004 160
0.000005 145
0.000004 213
0.000005 135
0.000012 359
0.000005 206
0.000005 84
0.000004 132
0.000004 93
0.000007 407
0.000005 169
0.000004 188
0.000005 97
0.000004 97
0.000004 130
0.000004 221
0.000008 308
0.000004 98
0.000008 290
0.000011 317
0.000006 116
0.000004 2
0.000004 209
0.000004 85
0.000003 95
0.000010 280
0.000005 274
0.000004 100
0.000011 432
0.000004 105
0.000005 194
0.000008 276
0.000004 2
0.000003 196
0.000004 219
0.000005 104
0.000004 101
0.000005 204
0.000007 244
0.000004 202
0.000004 2
0.000003 241
0.000011 337
0.000010 282
0.000004 117
0.000005 207
0.000004 92
0.000004 218
0.000006 287
0.000008 235
0.000004 119
0.000003 87
0.000005 215
0.000004 4
0.000005 197
0.000005 95
0.000003 183
0.000004 194
0.000008 170
0.000003 104
0.000004 181
0.000004 97
0.000008 208
0.000004 211
0.000005 71
0.000004 114
0.000009 221
0.000003 229
0.000009 310
0.000004 101
0.000003 85
0.000005 205
0.000003 103
0.000005 109
0.000003 117
0.000004 116
0.000005 258
0.000003 121
0.000004 233
0.000005 104
0.000003 139
0.000004 166
0.000008 192
0.000009 332
0.000004 122
0.000004 97
0.000004 104
0.000004 207
0.000005 158
0.000004 63
0.000004 91
0.000004 95
0.000009 385
0.000004 124
0.000005 118
0.000004 187
0.000004 73
0.000004 180
0.000004 98
0.000005 141
0.000004 138
0.000004 75
0.000005 118
0.000004 249
0.000007 237
0.000005 117
0.000004 155
0.000004 173
0.000004 111
0.000005 78
0.000003 79
0.000004 207
0.000008 325
0.000004 89
0.000004 116
0.000009 387
0.000004 2
0.000005 284
0.000009 320
0.000004 106
0.000004 151
0.000004 152
0.000005 230
0.000004 234
0.000005 103
0.000004 108
0.000007 215
0.000004 89
0.000004 168
0.000004 94
0.000004 106
0.000005 126
0.000003 139
0.000004 117
0.000004 197
0.000007 207
0.000003 103
0.000003 217
0.000004 79
0.000003 165
0.000007 232
0.000005 171
0.000007 206
0.000008 213
0.000003 142
0.000004 112
0.000004 182
0.000007 234
0.000004 95
0.000004 85
0.000004 103
0.000006 217
0.000005 101
0.000003 2
0.000004 281
0.000010 304
0.000004 92
0.000004 95
0.000004 86
0.000003 108
0.000003 215
0.000004 89
0.000004 211
0.000006 210
0.000005 318
0.000007 288
0.000004 100
0.000004 78
0.000008 298
0.000010 301
0.000004 171
0.000004 4
0.000003 191
0.000007 227
0.000005 156
0.000003 4
0.000004 233
0.000007 226
0.000004 226
0.000004 100
0.000003 106
0.000004 103
0.000004 109
0.000003 115
0.000004 237
0.000004 101
0.000003 80
0.000003 153
0.000003 142
0.000003 142
0.000004 278
0.000004 192
0.000004 53
0.000003 207
0.000011 321
0.000004 89
0.000007 299
0.000008 200
0.000003 98
0.000004 117
0.000004 119
0.000003 110
0.000004 89
0.000003 101
0.000004 208
0.000006 237
0.000007 190
0.000004 82
0.000003 356
0.000008 234
0.000007 260
0.000004 117
0.000004 132
0.000004 255
0.000021 114
0.000004 108
0.000004 220
0.000004 90
0.000009 290
0.000023 90
0.000003 183
0.000004 126
0.000004 93
0.000004 76
0.000010 493
0.000004 118
0.000003 119
0.000004 102
0.000009 512
0.000004 94
0.000019 225
0.000007 229
0.013870 4095
0.000045 4095
0.000021 4095
0.000019 4095
0.000022 3497
0.000020 465
0.000010 211
0.000006 114
0.000007 125
0.000008 248
0.000010 100
0.000008 98
0.000008 230
0.000019 337
0.000017 254
0.000006 231
0.000007 121
0.000008 113
0.000008 2
0.000008 179
0.000014 182
0.000007 116
0.000008 119
0.000006 240
0.000013 130
0.000008 261
0.000007 127
0.000006 95
0.000009 209
0.000007 102
0.000008 197
0.000015 229
0.000009 117
0.000007 117
0.000007 93
0.000008 108
0.000016 149
0.000032 571
0.000017 167
0.000008 4
0.000009 227
0.000015 189
0.000008 188
0.000009 103
0.000007 101
0.000024 326
0.000017 233
0.000007 87
0.000009 105
0.000020 379
0.000009 126
0.000014 221
0.000008 189
0.000010 98
0.000009 115
0.000008 216
0.000008 99
0.000009 81
0.000008 230
0.000009 174
0.000009 54
0.000009 73
0.000008 72
0.000009 159
0.000008 131
0.000023 332
0.000009 200
0.000015 179
0.000009 120
0.000006 105
0.000018 420
0.000008 154
0.000008 115
0.000014 223
0.000007 88
0.000007 134
0.000007 72
0.000009 103
0.000008 150
0.000007 36
0.000007 198
0.000010 2
0.000009 117
0.000009 213
0.000010 111
0.000017 355
0.000008 195
0.000010 103
0.000009 167
0.000009 111
0.000009 57
0.000015 363
0.000009 158
0.000009 112
0.000016 330
0.000008 105
0.000015 176
0.000007 91
0.000024 373
0.000010 168
0.000017 319
0.000009 97
0.000007 62
0.000009 208
0.000008 106
0.000007 101
0.000009 217
0.000014 295
0.000008 126
0.000024 515
0.000011 219
0.000029 178
0.000004 79
0.000004 161
0.000004 213
0.000004 65
0.000004 101
0.000003 79
0.000005 220
0.000003 96
0.000005 154
0.000004 102
0.000003 112
0.000003 91
0.000013 196
0.000008 295
0.000009 324
0.000004 108
0.000004 2
0.000005 244
0.000004 161
0.000004 101
0.000004 102
0.000004 157
0.000004 125
0.000007 160
0.000003 69
0.000003 124
0.000005 184
0.000004 98
0.000010 285
0.000005 220
0.000008 92
0.000004 288
0.000004 142
0.000004 86
0.000003 102
0.000010 286
0.000005 104
0.000004 110
0.000004 224
0.000005 124
0.000003 60
0.000005 190
0.000003 105
0.000004 105
0.000010 428
0.000005 257
0.000004 104
0.000004 113
0.000004 120
0.000004 200
0.000004 115
0.000004 98
0.000004 229
0.000009 217
0.000004 330
0.000005 169
0.000004 105
0.000005 91
0.000005 196
0.000003 115
0.000005 194
0.000007 211
0.000004 103
0.000004 90
0.000008 186
0.000005 222
0.000005 98
0.000005 227
0.000004 241
0.000004 141
0.000004 115
0.000004 119
0.000004 182
0.000004 107
0.000004 188
0.000004 93
0.000004 110
0.000004 154
0.000011 363
0.000003 110
0.000004 194
0.000004 148
0.000005 97
0.000033 1098
0.000005 169
0.000004 74
0.000004 265
0.000005 115
0.000003 116
0.000004 120
0.000004 122
0.000008 332
0.000003 113
0.000004 89
0.000004 88
0.000004 112
0.000006 196
0.000006 217
0.000009 442
0.000004 132
0.000004 237
0.000003 4
0.000007 234
0.000004 108
0.000003 231
0.000008 308
0.000004 171
0.000003 94
0.000004 99
0.000008 223
0.000003 2
0.000004 86
0.000003 108
0.000004 297
0.000003 92
0.000004 134
0.000005 66
0.000006 266
0.000003 96
0.000010 293
0.000011 233
0.000004 99
0.000009 234
0.000004 206
0.000003 122
0.000009 237
0.000004 129
0.000004 121
0.000004 120
0.000005 248
0.000005 121
0.000005 100
0.000004 84
0.000004 110
0.000003 90
0.000004 108
0.000005 243
0.000004 132
0.000003 2
0.000009 460
0.000005 54
0.000008 544
0.000005 117
0.000004 131
0.000009 264
0.000004 128
0.000011 336
0.000004 258
0.000005 124
0.000008 244
0.000004 114
0.000004 127
0.000004 124
0.000004 247
0.000005 131
0.000008 358
0.000037 977
0.000005 95
0.000003 119
0.000014 245
0.000007 236
0.000003 72
0.000004 238
0.000013 482
0.000005 262
0.000003 2
0.000004 223
0.000004 123
0.000007 327
0.000004 107
0.000004 131
0.000003 155
0.000004 195
0.000006 221
0.000003 118
0.000003 123
0.000005 156
0.000004 148
0.000003 114
0.000010 351
0.000004 121
0.000003 120
0.000005 86
0.000003 110
0.000004 102
0.000004 223
0.000004 124
0.000009 205
0.000003 126
0.000003 112
0.000003 254
0.000004 2
0.000004 163
0.000003 189
0.000004 126
0.000003 109
0.000004 101
0.000008 375
0.000004 120
0.000007 247
0.000006 231
0.000004 124
0.000007 254
0.000009 375
0.000005 134
0.000003 144
0.000003 177
0.000004 138
0.000007 259
0.000003 130
0.000008 304
0.000004 163
0.000004 146
0.000004 201
0.000004 200
0.000008 245
0.000004 124
0.000004 125
0.000004 2
0.000004 261
0.000004 142
0.000008 256
0.000004 118
0.000003 2
0.000004 257
0.000003 110
0.000004 118
0.000007 237
0.000004 125
0.000006 201
0.000007 354
0.000004 143
0.000005 121
0.000007 324
0.000007 236
0.000004 99
0.000007 199
0.000003 225
0.000004 118
0.000007 206
0.000007 336
0.000005 127
0.000004 138
0.000006 211
0.000007 237
0.000011 390
0.000009 245
0.000004 2
0.000003 277
0.000004 137
0.000003 124
0.000007 243
0.000007 306
0.000008 280
0.000004 2
0.000003 250
0.000004 110
0.000003 97
0.000003 107
0.000004 123
0.000006 133
0.000004 119
0.000004 245
0.000004 127
0.000003 2
0.000004 237
0.000004 131
0.000006 259
0.000004 126
0.000003 106
0.000004 105
0.000003 109
0.000004 117
0.000003 105
0.000005 113
0.000004 2
0.000003 190
0.000004 104
0.000003 85
0.000005 209
0.000006 244
0.000006 237
0.000004 104
0.000006 206
0.000004 96
0.000004 112
0.000008 320
0.000003 49
0.000004 257
0.000003 102
0.000008 204
0.000004 128
0.000003 2
0.000004 238
0.000004 121
0.000005 269
0.000007 243
0.000003 100
0.000008 250
0.000006 228
0.000006 215
0.000004 116
0.000008 205
0.000003 120
0.000004 93
0.000004 139
0.000004 108
0.000003 223
0.000006 232
0.000010 321
0.000003 120
0.000003 124
0.000004 184
0.000007 210
0.000004 129
0.000003 111
0.000007 199
0.000006 260
0.000004 184
0.000003 54
0.000004 171
0.000005 46
0.000003 111
0.000007 231
0.000004 146
0.000003 109
0.000004 93
0.000003 209
0.000008 229
0.000004 141
0.000006 208
0.000004 113
0.000004 104
0.000007 200
0.000004 123
0.000004 94
0.000004 101
0.000003 2
0.000004 216
0.000006 301
0.000004 155
0.000008 227
0.000004 109
0.000004 98
0.000004 101
0.000007 190
0.000004 247
0.000007 244
0.000004 135
0.000006 324
0.000004 140
0.000005 107
0.000005 109
0.000003 136
0.000006 249
0.000003 128
0.000012 111
0.000004 641
0.000006 200
0.000007 233
0.000006 217
0.000008 305
0.000005 90
0.000012 480
0.000006 246
0.000004 136
0.000009 337
0.000004 233
0.000005 130
0.000007 229
0.000005 179
0.000004 45
0.000004 122
0.000004 234
0.000004 111
0.000005 330
0.000010 363
0.000004 113
0.000007 248
0.000004 113
0.000004 109
0.000005 115
0.000004 85
0.000007 309
0.000007 200
0.000008 245
0.000007 328
0.000004 2
0.000004 252
0.000008 381
0.000004 111
0.000007 216
0.000007 234
0.000004 100
0.000003 91
0.000004 2
0.000004 229
0.000004 101
0.000007 218
0.000004 132
0.000004 242
0.000007 245
0.000004 134
0.000004 176
0.000007 331
0.000005 245
0.000003 86
0.000007 198
0.000004 125
0.000003 97
0.000004 117
0.000004 113
0.000007 346
0.000007 224
0.000004 125
0.000007 190
0.000007 355
0.000007 216
0.000004 197
0.000007 211
0.000006 178
0.000008 200
0.000004 132
0.000003 203
0.000004 137
0.000004 134
0.000006 234
0.000004 111
0.000003 130
0.000004 167
0.000004 76
0.000003 253
0.000003 100
0.000003 134
0.000004 195
0.000005 154
0.000004 119
0.000004 2
0.000004 204
0.000004 121
0.000007 214
0.000004 134
0.000003 113
0.000004 136
0.000003 109
0.000004 110
0.000007 388
0.000003 117
0.000007 259
0.000004 122
0.000006 230
0.000004 113
0.000004 116
0.000008 222
0.000003 103
0.000008 253
0.000003 61
0.000008 318
0.000004 132
0.000004 151
0.000006 212
0.000004 108
0.000004 121
0.000004 114
0.000007 226
0.000004 131
0.000004 4
0.000003 127
0.000005 206
0.000004 146
0.000004 131
0.000010 230
0.000003 101
0.000003 107
0.000004 86
0.000007 220
0.000003 125
0.000004 126
0.000006 241
0.000004 173
0.000004 77
0.000003 108
0.000003 108
0.000003 195
0.000007 174
0.000006 259
0.000007 229
0.000006 278
0.000003 120
0.000006 244
0.000004 108
0.000006 207
0.000004 80
0.000004 88
0.000005 225
0.000008 259
0.000007 227
0.000004 212
0.000004 143
0.000007 231
0.000004 97
0.000004 183
0.000003 118
0.000007 262
0.000004 114
0.000006 342
0.000007 206
0.000004 127
0.000003 121
0.000003 104
0.000006 237
0.000003 79
0.000004 215
0.000003 132
0.000004 123
0.000008 180
0.000003 116
0.000004 100
0.000003 129
0.000004 88
0.000006 216
0.000006 222
0.000004 98
0.000004 115
0.000009 327
0.000004 251
0.000003 91
0.000009 352
0.000003 100
0.000004 111
0.000008 277
0.000004 68
0.000006 233
0.000003 82
0.000007 358
0.000003 2
0.000004 233
0.000006 225
0.000004 113
0.000004 178
0.000004 110
0.000003 120
0.000007 198
0.000007 224
0.000007 237
0.000003 2
0.000004 232
0.000008 369
0.000007 242
0.000004 120
0.000004 115
0.000003 108
0.000006 270
0.000008 383
0.000005 130
0.000008 248
0.000003 261
0.000009 381
0.000008 306
0.000003 4
0.000004 210
0.000007 203
0.000004 2
0.000003 216
0.000010 361
0.000005 144
0.000006 197
0.000008 257
0.000004 131
0.000004 88
0.000004 118
0.000004 96
0.000003 200
0.000008 211
0.000004 118
0.000004 2
0.000003 226
0.000004 129
0.000003 125
0.000006 125
0.000005 250
0.000007 210
0.000003 128
0.000003 119
0.000004 117
0.000004 272
0.000005 283
0.000005 187
0.000007 201
0.000003 85
0.000004 127
0.000004 118
0.000007 370
0.000004 59
0.000003 67
0.000004 248
0.000006 220
0.000003 123
0.000003 2
0.000003 223
0.000003 116
0.000005 134
0.000005 218
0.000005 90
0.000005 241
0.000007 250
0.000008 225
0.000004 264
0.000007 263
0.000006 216
0.000004 219
0.000006 238
0.000006 218
0.000004 110
0.000006 243
0.000008 366
0.000008 328
0.000004 2
0.000004 297
0.000004 172
0.000007 252
0.000007 212
0.000004 143
0.000004 153
0.000008 330
0.000003 181
0.000007 237
0.000008 256
0.000003 122
0.000007 194
0.000004 145
0.000007 242
0.000007 235
0.000004 123
0.000003 114
0.000004 190
0.000005 121
0.000004 106
0.000004 121
0.000004 116
0.000007 203
0.000004 94
0.000003 134
0.000004 122
0.000004 229
0.000003 164
0.000004 129
0.000006 237
0.000007 247
0.000011 212
0.000005 247
0.000007 351
0.000007 231
0.000009 243
0.000004 117
0.000003 109
0.000004 97
0.000004 96
0.000004 192
0.000004 117
0.000008 354
0.000004 114
0.000004 132
0.000003 125
0.000007 220
0.000004 103
0.000007 298
0.000004 182
0.000007 202
0.000004 116
0.000006 241
0.000003 96
0.000004 109
0.000003 222
0.000007 280
0.000007 203
0.000003 112
0.000006 209
0.000008 224
0.000005 259
0.000004 97
0.000004 114
0.000006 248
0.000004 98
0.000004 118
0.000007 249
0.000004 127
0.000003 250
0.000007 197
0.000006 230
0.000005 119
0.000004 115
0.000007 225
0.000007 204
0.000004 89
0.000003 130
0.000006 269
0.000004 148
0.000004 230
0.000004 102
0.000004 115
0.000007 229
0.000004 97
0.000004 4
0.000004 90
0.000004 109
0.000004 215
0.000004 2
0.000004 212
0.000003 124
0.000004 114
0.000004 127
0.000003 199
0.000004 82
0.000003 102
0.000007 205
0.000004 121
0.000003 89
0.000007 185
0.000004 101
0.000003 123
0.000004 117
0.000004 108
0.000003 101
0.000003 125
0.000004 218
0.000008 177
0.000003 205
0.000004 121
0.000005 120
0.000004 262
0.000007 202
0.000004 2
0.000004 244
0.000006 234
0.000004 121
0.000007 234
0.000004 107
0.000008 302
0.000003 2
0.000004 228
0.000004 111
0.000005 87
0.000004 181
0.000004 110
0.000004 110
0.000006 182
0.000004 99
0.000005 90
0.000004 117
0.000005 209
0.000005 99
0.000007 215
0.000004 106
0.000003 96
0.000005 161
0.000003 159
0.000004 98
0.000007 207
0.000006 198
0.000007 245
0.000004 115
0.000004 105
0.000004 2
0.000002 186
0.000003 105
0.000004 75
0.000004 95
0.000003 115
0.000004 204
0.000007 199
0.000005 118
0.000003 129
0.000004 116
0.000003 113
0.000003 121
0.000004 211
0.000003 94
0.000007 196
0.000004 52
0.000003 194
0.000004 98
0.000004 105
0.000003 92
0.000003 106
0.000004 136
0.000003 114
0.000008 397
0.000007 245
0.000003 2
0.000006 309
0.000004 148
0.000003 116
0.000008 368
0.000003 115
0.000003 110
0.000007 248
0.000004 127
0.000003 410
0.000004 164
0.000007 225
0.000005 204
0.000004 2
0.000003 215
0.000004 139
0.000004 43
0.000003 96
0.000004 221
0.000007 221
0.000003 93
0.000004 102
0.000007 228
0.000009 288
0.000004 152
0.000005 171
0.000004 107
0.000004 113
0.000004 115
0.000003 221
0.000004 110
0.000007 233
0.000008 233
0.000004 114
0.000006 246
0.000004 206
0.000003 107
0.000003 2
0.000007 436
0.000005 112
0.000003 2
0.000003 179
0.000004 120
0.000006 250
0.000004 177
0.000004 44
0.000004 190
0.000003 68
0.000010 487
0.000007 320
0.000007 229
0.000003 100
0.000006 216
0.000007 255
0.000004 186
0.000003 108
0.000004 159
0.000006 113
0.000004 256
0.000003 115
0.000003 91
0.000004 201
0.000004 125
0.000004 145
0.000003 88
0.000007 234
0.000003 104
0.000009 374
0.000003 94
0.000004 115
0.000004 86
0.000007 251
0.000003 60
0.000005 224
0.000003 118
0.000004 94
0.000003 233
0.000004 96
0.000003 117
0.000009 314
0.000008 293
0.000004 180
0.000003 2
0.000004 243
0.000003 99
0.000003 122
0.000004 93
0.000006 166
0.000003 87
0.000006 195
0.000004 94
0.000003 96
0.000004 215
0.000007 202
0.000004 187
0.000004 108
0.000009 233
0.000008 202
0.000003 111
0.000004 121
0.000006 209
0.000004 120
0.000003 2
0.000004 284
0.000004 118
0.000003 118
0.000004 133
0.000008 221
0.000004 220
0.000003 111
0.000006 201
0.000007 244
0.000005 218
0.000003 145
0.000004 103
0.000007 243
0.000003 103
0.000004 117
0.000004 111
0.000004 160
0.000005 124
0.000004 106
0.000008 236
0.000006 307
0.000004 146
0.000007 234
0.000004 100
0.000007 218
0.000004 106
0.000004 102
0.000003 166
0.000003 56
0.000007 325
0.000004 90
0.000004 98
0.000004 116
0.000004 98
0.000004 133
0.000004 101
0.000007 203
0.000003 121
0.000003 133
0.000004 119
0.000009 494
0.000004 110
0.000004 106
0.000004 117
0.000004 85
0.000004 107
0.000006 240
0.000007 224
0.000008 320
0.000003 100
0.000005 101
0.000003 106
0.000004 119
0.000003 121
0.000004 103
0.000003 250
0.000008 259
0.000007 220
0.000004 131
0.000004 115
0.000008 187
0.000003 122
0.000007 277
0.000004 125
0.000004 215
0.000003 2
0.000004 311
0.000006 296
0.000004 117
0.000004 103
0.000007 193
0.000003 105
0.000004 111
0.000007 199
0.000004 192
0.000006 190
0.000007 197
0.000004 109
0.000006 112
0.000004 419
0.000003 138
0.000004 111
0.000008 188
0.000006 197
0.000004 113
0.000003 128
0.000004 133
0.000004 189
0.000008 290
0.000004 121
0.000005 211
0.000004 86
0.000006 198
0.000006 214
0.000008 259
0.000007 197
0.000003 162
0.000004 99
0.000004 75
0.000004 78
0.000005 196
0.000004 133
0.000004 100
0.000003 122
0.000003 112
0.000005 220
0.000004 93
0.000007 283
0.000004 186
0.000006 122
0.000004 106
0.000004 221
0.000003 200
0.000007 168
0.000004 121
0.000004 104
0.000004 112
0.000004 121
0.000003 113
0.000002 229
0.000004 113
0.000006 220
0.000004 126
0.000004 228
0.000003 123
0.000007 216
0.000004 146
0.000003 112
0.000009 343
0.000003 122
0.000005 184
0.000003 87
0.000004 120
0.000007 357
0.000003 2
0.000004 245
0.000004 94
0.000004 118
0.000004 131
0.000004 95
0.000004 126
0.000004 131
0.000004 110
0.000004 89
0.000004 235
0.000006 234
0.000004 100
0.000007 229
0.000003 152
0.000006 178
0.000003 124
0.000007 239
0.000003 52
0.000004 86
0.000004 97
0.000004 138
0.000004 218
0.000005 134
0.000004 184
0.000004 114
0.000003 208
0.000007 225
0.000007 216
0.000003 108
0.000004 153
0.000004 72
0.000003 109
0.000004 199
0.000004 104
0.000003 111
0.000007 273
0.000004 118
0.000006 137
0.000004 226
0.000006 237
0.000006 201
0.000004 94
0.000006 189
0.000004 109
0.000008 349
0.000005 123
0.000004 124
0.000003 213
0.000004 116
0.000004 229
0.000004 221
0.000005 110
0.000003 85
0.000004 106
0.000004 97
0.000004 225
0.000004 100
0.000007 205
0.000004 106
0.000005 234
0.000004 127
0.000003 115
0.000004 137
0.000007 256
0.000007 195
0.000006 206
0.000003 104
0.000004 124
0.000003 130
0.000003 113
0.000004 103
0.000003 111
0.000005 115
0.000004 124
0.000007 363
0.000007 228
0.000007 213
0.000006 102
0.000004 123
0.000004 251
0.000004 152
0.000003 4
0.000004 264
0.000007 221
0.000004 208
0.000004 119
0.000007 242
0.000004 2
0.000004 232
0.000006 210
0.000004 131
0.000007 228
0.000004 124
0.000004 173
0.000004 70
0.000004 113
0.000004 121
0.000004 188
0.000007 231
0.000004 133
0.000004 53
0.000004 188
0.000004 114
0.000006 277
0.000004 170
0.000004 99
0.000004 115
0.000004 266
0.000004 131
0.000004 132
0.000004 110
0.000004 248
0.000004 119
0.000004 133
0.000007 244
0.000006 118
0.000003 252
0.000004 103
0.000006 208
0.000004 2
0.000005 237
0.000004 139
0.000004 121
0.000003 120
0.000004 132
0.000007 262
0.000003 103
0.000004 256
0.000004 111
0.000004 114
0.000003 130
0.000004 134
0.000007 265
0.000004 106
0.000006 259
0.000004 138
0.000003 111
0.000005 130
0.000005 247
0.000004 128
0.000004 108
0.000008 304
0.000004 141
0.000004 91
0.000006 235
0.000007 132
0.000004 231
0.000003 122
0.000004 118
0.000003 106
0.000004 102
0.000003 115
0.000004 250
0.000010 462
0.000004 178
0.000003 121
0.000007 240
0.000003 120
0.000009 371
0.000004 128
0.000003 188
0.000003 182
0.000004 71
0.000003 2
0.000004 242
0.000007 244
0.000004 117
0.000006 240
0.000004 2
0.000004 238
0.000005 257
0.000004 2
0.000004 245
0.000004 142
0.000006 224
0.000004 129
0.000009 247
0.000007 267
0.000004 2
0.000004 278
0.000003 114
0.000003 122
0.000004 125
0.000007 248
0.000003 141
0.000008 377
0.000004 150
0.000007 212
0.000004 104
0.000007 208
0.000003 212
0.000006 240
0.000004 123
0.000007 214
0.000007 243
0.000004 113
0.000003 127
0.000003 146
0.000004 111
0.000006 230
0.000004 2
0.000004 265
0.000007 206
0.000004 251
0.000007 270
0.000004 135
0.000008 259
0.000003 126
0.000004 96
0.000003 118
0.000004 110
0.000006 296
0.000003 54
0.000003 222
0.000004 124
0.000004 116
0.000009 196
0.000004 216
0.000004 72
0.000003 121
0.000004 108
0.000004 229
0.000008 217
0.000007 257
0.000004 95
0.000005 141
0.000004 99
0.000003 116
0.000004 260
0.000004 2
0.000004 209
0.000006 210
0.000005 119
0.000003 2
0.000005 232
0.000004 96
0.000003 122
0.000008 196
0.000007 343
0.000004 127
0.000004 93
0.000003 91
0.000004 95
0.000006 258
0.000007 231
0.000004 234
0.000004 131
0.000004 132
0.000008 202
0.000003 2
0.000003 261
0.000003 121
0.000007 236
0.000004 89
0.000003 2
0.000008 317
0.000007 300
0.000007 311
0.000003 2
0.000005 253
0.000003 89
0.000004 195
0.000007 181
0.000003 106
0.000008 327
0.000005 114
0.000004 98
0.000003 81
0.000007 215
0.000004 105
0.000004 118
0.000004 2
0.000004 219
0.000006 224
0.000004 219
0.000005 112
0.000007 208
0.000008 218
0.000004 143
0.000003 66
0.000004 177
0.000004 86
0.000005 236
0.000009 297
0.000004 76
0.000004 93
0.000003 240
0.000006 124
0.000010 305
0.000006 193
0.000004 2
0.000005 342
0.000005 93
0.000005 120
0.000004 199
0.000004 114
0.000004 230
0.000004 173
0.000005 180
0.000004 95
0.000004 243
0.000005 113
0.000004 92
0.000007 341
0.000005 112
0.000004 199
0.000003 2
0.000004 244
0.000004 134
0.000004 210
0.000004 77
0.000004 109
0.000004 141
0.000008 312
0.000009 355
0.000004 115
0.000004 120
0.000004 258
0.000005 106
0.000004 126
0.000003 98
0.000005 207
0.000007 240
0.000004 92
0.000004 243
0.000007 234
0.000004 98
0.000003 225
0.000005 136
0.000004 89
0.000009 398
0.000008 246
0.000003 2
0.000004 227
0.000004 225
0.000009 326
0.000005 120
0.000007 235
0.000004 208
0.000004 91
0.000004 103
0.000008 314
0.000005 106
0.000004 96
0.000003 99
0.000004 201
0.000007 230
0.000005 103
0.000003 118
0.000004 129
0.000004 213
0.000008 239
0.000004 216
0.000007 236
0.000005 131
0.000003 114
0.000004 92
0.000003 175
0.000004 124
0.000009 379
0.000003 54
0.000005 214
0.000008 236
0.000005 97
0.000004 115
0.000004 228
0.000004 99
0.000005 197
0.000003 204
0.000005 100
0.000005 100
0.000004 86
0.000004 224
0.000004 284
0.000005 92
0.000007 294
0.000004 99
0.000004 117
0.000004 123
0.000004 116
0.000004 125
0.000003 216
0.000004 102
0.000004 107
0.000004 121
0.000009 336
0.000005 109
0.000004 52
0.000004 177
0.000003 99
0.000005 121
0.000003 93
0.000004 84
0.000004 222
0.000004 104
0.000004 107
0.000004 128
0.000004 106
0.000005 256
0.000007 250
0.000004 122
0.000004 101
0.000004 244
0.000004 123
0.000007 306
0.000004 114
0.000003 98
0.000008 187
0.000004 103
0.000004 145
0.000004 120
0.000010 378
0.000009 280
0.000007 218
0.000004 124
0.000004 129
0.000004 127
0.000005 95
0.000004 210
0.000007 209
0.000007 209
0.000004 91
0.000005 111
0.000003 218
0.000004 159
0.000004 126
0.000003 98
0.000004 115
0.000008 321
0.000004 94
0.000008 345
0.000004 96
0.000004 223
0.000005 118
0.000004 130
0.000008 191
0.000005 229
0.000004 135
0.000004 105
0.000004 212
0.000004 81
0.000003 83
0.000005 254
0.000004 121
0.000004 243
0.000004 131
0.000004 102
0.000004 248
0.000004 116
0.000003 101
0.000004 102
0.000003 118
0.000004 224
0.000004 199
0.000004 85
0.000003 114
0.000004 117
0.000008 337
0.000005 109
0.000004 96
0.000005 124
0.000004 239
0.000008 337
0.000005 85
0.000005 214
0.000004 110
0.000005 125
0.000003 114
0.000004 87
0.000003 240
0.000007 278
0.000005 252
0.000005 121
0.000004 179
0.000004 134
0.000005 108
0.000004 224
0.000011 193
0.000005 91
0.000005 195
0.000003 92
0.000009 303
0.000004 121
0.000003 128
0.000005 243
0.000011 284
0.000004 214
0.000008 362
0.000004 111
0.000004 259
0.000005 148
0.000004 86
0.000003 120
0.000004 124
0.000004 105
0.000003 96
0.000018 217
0.000030 453
0.000010 390
0.000008 349
0.000004 123
0.000007 353
0.000004 111
0.000019 229
0.000028 292
0.000004 59
0.000008 429
0.000005 214
0.000004 109
0.000004 232
0.000006 195
0.000013 434
0.000003 95
0.000009 217
0.000004 309
0.000004 134
0.000003 110
0.000008 308
0.000022 222
0.000004 150
0.000027 119
0.000003 93
0.000008 335
0.000011 510
0.000004 121
0.000004 283
0.000005 125
0.000005 148
0.000004 207
0.000008 225
0.000004 124
0.000006 209
0.000004 104
0.000004 225
0.000005 103
0.000003 2
0.000004 238
0.000004 211
0.000004 112
0.000004 120
0.000004 114
0.000003 84
0.000004 210
0.000008 281
0.000003 59
0.000003 92
0.000004 197
0.000007 200
0.000004 89
0.000008 324
0.000004 158
0.000005 211
0.000004 155
0.000005 111
0.000004 116
0.000005 192
0.000003 110
0.000004 105
0.000004 233
0.000009 365
0.000008 231
0.000004 226
0.000004 102
0.000004 215
0.000004 99
0.000007 206
0.000004 126
0.000003 111
0.000004 229
0.000004 105
0.000004 204
0.000009 192
0.000003 106
0.000003 244
0.000004 119
0.000004 202
0.000009 372
0.000004 97
0.000003 162
0.000005 114
0.000004 134
0.000004 129
0.000005 261
0.000004 84
0.000004 237
0.000004 128
0.000004 136
0.000004 183
0.000005 103
0.000004 113
0.000004 168
0.000003 70
0.000004 216
0.000003 2
0.000003 132
0.000005 216
0.000004 188
0.000008 238
0.000004 250
0.000004 100
0.000004 137
0.000005 176
0.000004 200
0.000009 264
0.000004 112
0.000004 89
0.000004 111
0.000003 85
0.000004 118
0.000004 110
0.000004 114
0.000004 180
0.000005 167
0.000003 83
0.000004 2
0.000008 294
0.000004 279
0.000004 115
0.000004 110
0.000004 195
0.000004 126
0.000004 195
0.000003 4
0.000004 225
0.000009 422
0.000003 2
0.000005 328
0.000007 247
0.000004 216
0.000005 159
0.000004 65
0.000004 94
0.000005 295
0.000004 66
0.000003 109
0.000004 208
0.000005 100
0.000004 120
0.000004 212
0.000004 124
0.000004 135
0.000008 354
0.000007 194
0.000004 175
0.000008 366
0.000009 181
0.000004 106
0.000004 239
0.000003 110
0.000005 232
0.000009 238
0.000004 224
0.000004 130
0.000003 2
0.000003 107
0.000008 446
0.000004 125
0.000004 194
0.000005 93
0.000003 125
0.000008 224
0.000004 215
0.000004 112
0.000004 116
0.000004 106
0.000003 97
0.000005 110
0.000003 249
0.000004 108
0.000004 213
0.000010 345
0.000004 110
0.000006 223
0.000005 121
0.000003 115
0.000004 126
0.000004 119
0.000005 126
0.000003 211
0.000004 111
0.000007 238
0.000004 256
0.000004 49
0.000004 208
0.000005 123
0.000004 226
0.000004 108
0.000004 135
0.000004 265
0.000005 117
0.000004 112
0.000005 116
0.000003 117
0.000005 234
0.000003 84
0.000004 134
0.000009 248
0.000003 123
0.000004 196
0.000004 139
0.000004 93
0.000003 220
0.000004 116
0.000004 118
0.000005 284
0.000004 153
0.000007 304
0.000003 2
0.000004 244
0.000004 102
0.000004 123
0.000004 228
0.000004 142
0.000004 124
0.000005 166
0.000004 175
0.000008 282
0.000004 56
0.000004 239
0.000003 153
0.000008 352
0.000004 132
0.000004 122
0.000005 186
0.000003 57
0.000008 394
0.000005 2
0.000004 275
0.000004 91
0.000004 108
0.000005 191
0.000004 2
0.000008 438
0.000010 430
0.000004 97
0.000004 106
0.000006 350
0.000004 114
0.000003 110
0.000004 132
0.000004 212
0.000003 115
0.000003 4
0.000004 124
0.000009 339
0.000003 107
0.000005 112
0.000003 98
0.000004 255
0.000007 216
0.000003 2
0.000003 129
0.000004 235
0.000006 253
0.000004 119
0.000003 122
0.000007 205
0.000004 89
0.000007 215
0.000004 203
0.000003 116
0.000004 106
0.000007 178
0.000004 145
0.000004 85
0.000008 215
0.000005 222
0.000006 112
0.000004 232
0.000007 296
0.000004 195
0.000006 222
0.000007 176
0.000006 208
0.000005 117
0.000005 275
0.000004 109
0.000008 366
0.000003 2
0.000004 233
0.000006 222
0.000006 193
0.000003 91
0.000005 122
0.000003 108
0.000004 117
0.000007 238
0.000004 221
0.000007 225
0.000007 254
0.000003 146
0.000007 264
0.000004 126
0.000003 204
0.000008 208
0.000004 211
0.000004 88
0.000004 131
0.000007 208
0.000004 89
0.000004 133
0.000006 220
0.000004 107
0.000004 104
0.000003 231
0.000004 121
0.000004 92
0.000004 117
0.000004 109
0.000003 2
0.000003 214
0.000004 93
0.000007 202
0.000004 106
0.000006 247
0.000008 245
0.000004 132
0.000012 363
0.000004 125
0.000004 61
0.000003 131
0.000003 133
0.000004 267
0.000006 163
0.000004 156
0.000004 159
0.000004 176
0.000004 164
0.000004 295
0.000005 119
0.000004 225
0.000004 151
0.000004 158
0.000007 301
0.000004 117
0.000006 219
0.000005 193
0.000003 4
0.000004 118
0.000004 193
0.000003 2
0.000004 188
0.000007 221
0.000004 113
0.000004 233
0.000009 341
0.000004 102
0.000004 99
0.000004 210
0.000005 138
0.000004 163
0.000004 100
0.000007 238
0.000004 112
0.000003 244
0.000004 100
0.000004 2
0.000004 245
0.000004 153
0.000004 129
0.000004 186
0.000007 235
0.000004 113
0.000020 235
0.000005 145
0.000004 154
0.000032 262
0.000008 316
0.000009 376
0.000007 350
0.000004 105
0.000004 109
0.000007 216
0.000004 245
0.000005 110
0.000004 122
0.000003 132
0.000004 261
0.000004 2
0.000005 241
0.000004 96
0.000004 209
0.000008 231
0.000005 241
0.000007 209
0.000007 206
0.000003 118
0.000010 335
0.000005 125
0.000006 122
0.000004 322
0.000005 169
0.000007 110
0.000003 220
0.000004 116
0.000006 253
0.000004 61
0.000003 106
0.000004 231
0.000004 110
0.000004 219
0.000004 220
0.000006 257
0.000004 130
0.000003 134
0.000004 127
0.000004 98
0.000005 268
0.000004 218
0.000008 241
0.000009 276
0.000004 252
0.000004 122
0.000004 121
0.000003 106
0.000007 253
0.000005 116
0.000004 277
0.000021 224
0.000003 125
0.000030 214
0.000003 121
0.000004 226
0.000003 134
0.000005 119
0.000005 251
0.000003 118
0.000003 106
0.000006 275
0.000004 185
0.000004 59
0.000004 136
0.000005 267
0.000007 241
0.000004 141
0.000003 115
0.000004 215
0.000003 96
0.000004 126
0.000007 249
0.000004 122
0.000003 100
0.000004 110
0.000004 243
0.000007 236
0.000006 196
0.000003 99
0.000005 103
0.000003 109
0.000004 202
0.000004 93
0.000004 115
0.000007 329
0.000004 209
0.000003 2
0.000004 135
0.000007 328
0.000004 216
0.000025 297
0.000004 104
0.000004 207
0.000004 121
0.000003 122
0.000004 116
0.000004 95
0.000004 95
0.000003 219
0.000030 251
0.000004 93
0.000004 260
0.000004 96
0.000003 2
0.000004 239
0.000005 147
0.000005 140
0.000004 132
0.000003 129
0.000004 121
0.000003 132
0.000004 259
0.000004 127
0.000004 131
0.000008 303
0.000009 326
0.000004 92
0.000004 219
0.000004 225
0.000008 197
0.000003 219
0.000005 124
0.000004 202
0.000007 205
0.000004 126
0.000003 99
0.000003 125
0.000004 225
0.000004 119
0.000003 102
0.000004 118
0.000022 198
0.000004 120
0.000006 271
0.000004 193
0.000004 2
0.000004 199
0.000004 118
0.000004 118
0.000004 220
0.000009 350
0.000006 282
0.000026 107
0.000004 242
0.000003 2
0.000004 292
0.000004 124
0.000006 265
0.000004 122
0.000004 211
0.000008 353
0.000007 229
0.000004 129
0.000004 264
0.000008 242
0.000004 114
0.000004 223
0.000007 333
0.000004 96
0.000009 266
0.000003 38
0.000004 233
0.000004 210
0.000004 109
0.000007 314
0.020515 4095
0.000068 4095
0.000041 4095
0.000031 4095
0.000006 2556
0.000017 412
0.000010 321
0.000005 48
0.000004 198
0.000010 274
0.000004 165
0.000011 326
0.000004 119
0.000010 476
0.000004 106
0.000008 368
0.000003 140
0.000005 216
0.000008 344
0.000004 213
0.000007 233
0.000008 337
0.000006 213
0.000009 305
0.000003 114
0.000004 106
0.000003 112
0.000004 115
0.000008 256
0.000003 211
0.000004 133
0.000004 4
0.000004 195
0.000007 216
0.000004 121
0.000009 339
0.000008 274
0.000007 220
0.000004 124
0.000003 83
0.000004 99
0.000005 116
0.000003 99
0.000004 103
0.000009 293
0.000008 322
0.000004 90
0.000004 93
0.000008 304
0.000004 87
0.000009 215
0.000004 240
0.000005 122
0.000004 143
0.000004 2
0.000004 244
0.000004 120
0.000007 246
0.000005 238
0.000003 132
0.000004 252
0.000004 106
0.000003 2
0.000005 234
0.000004 128
0.000004 118
0.000003 2
0.000005 255
0.000003 199
0.000004 49
0.000003 135
0.000009 377
0.000008 400
0.000010 322
0.000008 255
0.000004 80
0.000004 268
0.000004 130
0.000003 4
0.000005 229
0.000004 94
0.000004 102
0.000004 226
0.000009 118
0.000005 103
0.000004 205
0.000009 217
0.000003 94
0.000003 136
0.000003 212
0.000008 198
0.000008 368
0.000005 128
0.000004 248
0.000004 122
0.000012 372
0.000005 126
0.000004 128
0.000004 268
0.000003 2
0.000008 389
0.000005 246
0.000003 4
0.000010 506
0.000009 115
0.000004 122
0.000004 118
0.000004 182
0.000005 186
0.000004 124
0.000008 252
0.000003 136
0.000007 394
0.000004 128
0.000005 306
0.000010 248
0.000004 101
0.000004 95
0.000004 99
0.000004 114
0.000004 109
0.000004 121
0.000008 376
0.000005 206
0.000004 86
0.000004 116
0.000004 103
0.000003 195
0.000004 114
0.000003 252
0.000004 89
0.000002 83
0.000004 101
0.000003 236
0.000004 88
0.000003 225
0.000008 498
0.000008 245
0.000009 365
0.000010 363
0.000004 130
0.000004 102
0.000003 120
0.000003 126
0.000003 125
0.000005 254
0.000005 117
0.000005 121
0.000004 231
0.000007 280
0.000004 117
0.000008 360
0.000005 101
0.000009 349
0.000004 107
0.000004 198
0.000003 2
0.000004 207
0.000010 293
0.000006 89
0.000005 342
0.000009 295
0.000006 112
0.000004 116
0.000005 207
0.000009 346
0.000005 134
0.000005 186
0.000004 101
0.000004 113
0.000004 292
0.000005 85
0.000005 131
0.000005 221
0.000004 133
0.000005 161
0.000004 73
0.000005 238
0.000005 116
0.000004 117
0.000005 190
0.000005 119
0.000004 192
0.000004 144
0.000011 436
0.000004 102
0.000005 223
0.000004 106
0.000003 131
0.000004 139
0.000004 220
0.000004 127
0.000004 2
0.000004 199
0.000004 121
0.000004 177
0.000003 261
0.000004 129
0.000009 270
0.000004 114
0.000004 81
0.000003 224
0.000005 126
0.000003 114
0.000005 210
0.000004 116
0.000008 240
0.000004 102
0.000006 116
0.000011 352
0.000004 96
0.000005 206
0.000004 106
0.000005 129
0.000004 119
0.000005 121
0.000004 250
0.000008 256
0.000004 236
0.000005 103
0.000008 197
0.000005 383
0.000004 116
0.000004 138
0.000003 125
0.000005 124
0.000009 412
0.000004 250
0.000005 120
0.000005 121
0.000004 207
0.000011 323
0.000005 144
0.000004 116
0.000009 361
0.000004 115
0.000005 2
0.000004 226
0.000005 119
0.000004 211
0.000004 136
0.000003 126
0.000005 108
0.000004 115
0.000005 234
0.000005 201
0.000004 168
0.000005 129
0.000004 109
0.000005 100
0.000004 233
0.000006 251
0.000009 261
0.000004 191
0.000005 145
0.000011 364
0.000005 136
0.000005 213
0.000008 205
0.000004 197
0.000005 250
0.000004 93
0.000005 111
0.000005 118
0.000005 237
0.000004 230
0.000004 123
0.000006 198
0.000004 99
0.000005 2
0.000004 282
0.000003 107
0.000008 320
0.000005 134
0.000004 117
0.000004 115
0.000003 106
0.000003 246
0.000010 263
0.000004 167
0.000007 121
0.000006 249
0.000005 143
0.000002 2
0.000008 281
0.000004 218
0.000005 192
0.000005 99
0.000005 109
0.000004 188
0.000004 108
0.000004 145
0.000006 208
0.000004 123
0.000004 126
0.000003 166
0.000004 169
0.000004 98
0.000003 2
0.000004 148
0.000003 222
0.000004 115
0.000004 2
0.000003 301
0.000008 331
0.000009 203
0.000004 212
0.000004 109
0.000007 192
0.000004 258
0.000004 120
0.000008 215
0.000003 113
0.000006 210
0.000004 109
0.000004 105
0.000003 127
0.000003 111
0.000004 229
0.000004 127
0.000006 215
0.000006 196
0.000007 235
0.000007 373
0.000004 86
0.000004 131
0.000004 141
0.000003 93
0.000008 250
0.000005 160
0.000006 227
0.000003 111
0.000005 103
0.000009 366
0.000004 104
0.000004 107
0.000004 104
0.000008 293
0.000007 223
0.000004 100
0.000003 149
0.000004 143
0.000007 237
0.000004 141
0.000006 206
0.000006 220
0.000004 108
0.000005 189
0.000004 168
0.000004 126
0.000006 251
0.000008 227
0.000003 122
0.000003 130
0.000003 134
0.000006 183
0.000004 130
0.000003 101
0.000004 123
0.000006 208
0.000003 107
0.000004 218
0.000006 237
0.000003 120
0.000003 114
0.000004 104
0.000003 110
0.000009 232
0.000003 84
0.000008 328
0.000003 91
0.000003 103
0.000004 97
0.000003 77
0.000021 185
0.000003 191
0.000003 2
0.000026 188
0.000007 197
0.000007 267
0.000004 231
0.000007 217
0.000005 139
0.000006 245
0.000005 128
0.000006 203
0.000004 100
0.000003 94
0.000007 348
0.000005 209
0.000003 104
0.000006 225
0.000004 52
0.000004 192
0.000003 123
0.000003 2
0.000003 128
0.000003 229
0.000004 131
0.000004 107
0.000004 110
0.000003 83
0.000007 245
0.000004 146
0.000006 260
0.000009 356
0.000004 109
0.000007 245
0.000006 255
0.000004 135
0.000003 112
0.000004 115
0.000004 115
0.000004 109
0.000003 111
0.000004 142
0.000004 141
0.000005 230
0.000003 111
0.000006 257
0.000003 98
0.000009 208
0.000003 2
0.000006 195
0.000007 235
0.000004 108
0.000003 124
0.000004 251
0.000004 126
0.000007 237
0.000009 234
0.000004 229
0.000003 99
0.000007 205
0.000003 86
0.000004 109
0.000004 119
0.000006 217
0.000004 2
0.000005 230
0.000004 116
0.000003 123
0.000004 107
0.000004 113
0.000004 240
0.000004 96
0.000003 126
0.000007 236
0.000008 220
0.000004 124
0.000007 226
0.000004 203
0.000007 210
0.000006 122
0.000008 374
0.000003 107
0.000008 326
0.000003 97
0.000004 126
0.000006 227
0.000007 332
0.000003 51
0.000004 236
0.000003 112
0.000003 56
0.000006 193
0.000004 124
0.000003 94
0.000004 98
0.000004 113
0.000003 98
0.000003 131
0.000004 168
0.000003 115
0.000008 351
0.000004 113
0.000006 242
0.000003 108
0.000003 2
0.000005 245
0.000007 208
0.000004 125
0.000004 2
0.000004 168
0.000004 197
0.000003 108
0.000003 101
0.000004 236
0.000004 52
0.000003 170
0.000004 176
0.000004 69
0.000007 165
0.000003 116
0.000006 248
0.000004 106
0.000004 109
0.000004 95
0.000004 234
0.000006 231
0.000005 102
0.000004 118
0.000003 104
0.000004 118
0.000004 251
0.000006 246
0.000003 109
0.000006 130
0.000003 244
0.000004 111
0.000009 319
0.000004 95
0.000008 236
0.000007 244
0.000004 117
0.000003 117
0.000003 131
0.000004 107
0.000004 85
0.000003 159
0.000003 60
0.000003 101
0.000004 224
0.000005 199
0.000005 185
0.000008 278
0.000004 137
0.000006 221
0.000003 93
0.000004 123
0.000009 300
0.000004 230
0.000007 102
0.000004 117
0.000004 122
0.000004 223
0.000007 233
0.000007 247
0.000005 219
0.000003 102
0.000008 206
0.000004 179
0.000005 193
0.000003 52
0.000007 212
0.000010 241
0.000007 108
0.000003 255
0.000004 122
0.000004 118
0.000004 175
0.000009 306
0.000004 138
0.000004 2
0.000003 284
0.000007 293
0.000008 179
0.000004 206
0.000006 232
0.000004 88
0.000008 196
0.000004 211
0.000007 200
0.000004 133
0.000004 127
0.000004 112
0.000005 98
0.000003 121
0.000004 92
0.000003 117
0.000004 253
0.000006 200
0.000003 2
0.000003 235
0.000007 190
0.000003 123
0.000007 229
0.000004 101
0.000004 236
0.000004 93
0.000006 231
0.000008 231
0.000007 217
0.000004 119
0.000003 139
0.000003 125
0.000003 153
0.000003 128
0.000005 247
0.000007 252
0.000004 2
0.000003 221
0.000007 246
0.000006 199
0.000004 102
0.000003 196
0.000007 189
0.000003 260
0.000008 189
0.000004 92
0.000007 206
0.000003 86
0.000004 249
0.000007 266
0.000003 116
0.000004 118
0.000004 108
0.000004 121
0.000007 220
0.000003 130
0.000004 140
0.000003 98
0.000006 202
0.000003 2
0.000004 238
0.000003 127
0.000004 131
0.000003 205
0.000006 102
0.000003 231
0.000003 2
0.000004 130
0.000003 211
0.000007 131
0.000004 205
0.000004 131
0.000003 74
0.000008 402
0.000005 214
0.000004 111
0.000006 189
0.000007 304
0.000004 113
0.000006 221
0.000003 111
0.000004 101
0.000003 130
0.000003 121
0.000004 110
0.000004 108
0.000003 239
0.000006 153
0.000007 365
0.000008 246
0.000004 124
0.000003 129
0.000007 210
0.000004 123
0.000006 214
0.000007 211
0.000004 118
0.000003 2
0.000004 232
0.000004 117
0.000007 214
0.000007 216
0.000004 246
0.000006 223
0.000007 247
0.000006 225
0.000004 120
0.000007 232
0.000003 87
0.000004 2
0.000003 218
0.000004 113
0.000007 204
0.000004 111
0.000002 140
0.000005 231
0.000003 105
0.000005 128
0.000007 240
0.000003 114
0.000004 114
0.000004 147
0.000004 149
0.000003 130
0.000004 105
0.000004 4
0.000003 98
0.000008 212
0.000004 190
0.000006 223
0.000004 105
0.000003 102
0.000004 191
0.000003 195
0.000004 103
0.000004 131
0.000007 233
0.000005 128
0.000007 342
0.000003 128
0.000005 109
0.000007 220
0.000004 122
0.000004 124
0.000007 276
0.000004 145
0.000004 114
0.000003 247
0.000004 99
0.000003 4
0.000013 361
0.000007 264
0.000004 179
0.000003 103
0.000003 105
0.000007 223
0.000003 120
0.000003 134
0.000003 124
0.000003 125
0.000003 112
0.000003 108
0.000004 140
0.000003 112
0.000004 184
0.000003 56
0.000004 206
0.000003 116
0.000003 136
0.000003 103
0.000004 102
0.000003 107
0.000003 113
0.000004 101
0.000008 313
0.000003 2
0.000003 233
0.000008 208
0.000004 92
0.000003 190
0.000007 174
0.000003 83
0.000007 207
0.000006 100
0.000004 221
0.000004 101
0.000004 106
0.000008 236
0.000003 136
0.000007 141
0.000003 129
0.000004 212
0.000007 211
0.000005 98
0.000003 90
0.000004 192
0.000004 2
0.000005 233
0.000004 111
0.000004 87
0.000004 133
0.000003 75
0.000003 182
0.000007 225
0.000004 92
0.000007 204
0.000004 187
0.000006 200
0.000007 182
0.000003 99
0.000007 209
0.000004 83
0.000007 208
0.000004 129
0.000006 268
0.000007 257
0.000004 132
0.000004 156
0.000006 325
0.000003 152
0.000005 156
0.000003 234
0.000006 260
0.000004 122
0.000007 121
0.000004 139
0.000003 208
0.000007 209
0.000004 112
0.000004 114
0.000003 125
0.000007 160
0.000006 218
0.000003 126
0.000008 214
0.000003 218
0.000007 232
0.000007 211
0.000005 119
0.000005 158
0.000004 53
0.000004 81
0.000003 179
0.000004 109
0.000003 90
0.000007 200
0.000004 110
0.000003 115
0.000004 215
0.000003 2
0.000004 213
0.000007 217
0.000004 142
0.000004 141
0.000006 86
0.000004 131
0.000005 259
0.000004 128
0.000006 200
0.000004 108
0.000005 4
0.000003 102
0.000003 114
0.000004 245
0.000007 198
0.000006 173
0.000004 103
0.000006 218
0.000004 107
0.000003 88
0.000004 193
0.000004 54
0.000003 139
0.000004 113
0.000007 177
0.000007 193
0.000008 286
0.000004 116
0.000003 89
0.000004 157
0.000006 195
0.000010 323
0.000003 129
0.000005 107
0.000003 112
0.000008 344
0.000006 170
0.000006 204
0.000007 200
0.000004 199
0.000006 217
0.000004 136
0.000007 251
0.000004 76
0.000004 83
0.000003 105
0.000004 95
0.000004 167
0.000006 83
0.000003 93
0.000004 171
0.000006 160
0.000005 91
0.000007 223
0.000006 222
0.000007 259
0.000003 29
0.000004 173
0.000008 194
0.000003 78
0.000004 116
0.000006 161
0.000004 110
0.000003 82
0.000004 91
0.000004 120
0.000003 99
0.000004 94
0.000003 99
0.000007 195
0.000003 2
0.000004 346
0.000004 104
0.000008 381
0.000004 82
0.000006 207
0.000003 101
0.000004 104
0.000004 105
0.000008 241
0.000004 114
0.000006 151
0.000007 191
0.000004 207
0.000007 186
0.000003 2
0.000004 232
0.000003 102
0.000003 91
0.000004 111
0.000007 185
0.000003 151
0.000003 54
0.000003 98
0.000004 165
0.000003 89
0.000004 90
0.000003 82
0.000003 201
0.000007 227
0.000006 216
0.000004 111
0.000004 98
0.000003 2
0.000003 109
0.000004 196
0.000004 117
0.000003 109
0.000005 83
0.000012 179
0.000005 226
0.000009 239
0.000003 151
0.000007 199
0.000004 89
0.000003 68
0.000003 103
0.000004 193
0.000007 209
0.000009 190
0.000004 200
0.000007 212
0.000004 114
0.000003 2
0.000003 85
0.000004 164
0.000008 171
0.000003 103
0.000006 207
0.000004 111
0.000003 91
0.000004 102
0.000009 271
0.000004 103
0.000004 97
0.000007 212
0.000004 93
0.000003 112
0.007401 204
1.230937 1
0.337390 1
0.163458 1
0.290356 1
0.448901 2
0.000103 6
