0.000000E+00    8.805228E-01
1.000000E-01    1.761810E+00
2.000000E-01    2.643135E+00
3.000000E-01    3.523767E+00
4.000000E-01    4.402979E+00
5.000000E-01    5.280045E+00
6.000000E-01    6.154247E+00
7.000000E-01    7.024873E+00
8.000000E-01    7.891223E+00
9.000000E-01    8.752609E+00
1.000000E+00    9.608359E+00
1.100000E+00    1.045782E+01
1.200000E+00    1.130035E+01
1.300000E+00    1.213533E+01
1.400000E+00    1.296217E+01
1.500000E+00    1.378031E+01
1.600000E+00    1.458919E+01
1.700000E+00    1.538830E+01
1.800000E+00    1.617715E+01
1.900000E+00    1.695529E+01
2.000000E+00    1.772227E+01
2.100000E+00    1.847770E+01
2.200000E+00    1.922121E+01
2.300000E+00    1.995246E+01
2.400000E+00    2.067113E+01
2.500000E+00    2.137697E+01
2.600000E+00    2.206971E+01
2.700000E+00    2.274914E+01
2.800000E+00    2.341508E+01
2.900000E+00    2.406737E+01
3.000000E+00    2.470589E+01
3.100000E+00    2.533053E+01
3.200000E+00    2.594123E+01
3.300000E+00    2.653794E+01
3.400000E+00    2.712064E+01
3.500000E+00    2.768935E+01
3.600000E+00    2.824408E+01
3.700000E+00    2.878489E+01
3.800000E+00    2.931185E+01
3.900000E+00    2.982505E+01
4.000000E+00    3.032460E+01
4.100000E+00    3.081064E+01
4.200000E+00    3.128330E+01
4.300000E+00    3.174274E+01
4.400000E+00    3.218914E+01
4.500000E+00    3.262269E+01
4.600000E+00    3.304356E+01
4.700000E+00    3.345199E+01
4.800000E+00    3.384817E+01
4.900000E+00    3.423234E+01
5.000000E+00    3.460472E+01
5.100000E+00    3.496555E+01
5.200000E+00    3.531508E+01
5.300000E+00    3.565354E+01
5.400000E+00    3.598120E+01
5.500000E+00    3.629830E+01
5.600000E+00    3.660510E+01
5.700000E+00    3.690185E+01
5.800000E+00    3.718881E+01
5.900000E+00    3.746624E+01
6.000000E+00    3.773438E+01
6.100000E+00    3.799350E+01
6.200000E+00    3.824385E+01
6.300000E+00    3.848568E+01
6.400000E+00    3.871923E+01
6.500000E+00    3.894475E+01
6.600000E+00    3.916249E+01
6.700000E+00    3.937268E+01
6.800000E+00    3.957555E+01
6.900000E+00    3.977135E+01
7.000000E+00    3.996028E+01
7.100000E+00    4.014258E+01
7.200000E+00    4.031846E+01
7.300000E+00    4.048814E+01
7.400000E+00    4.065183E+01
7.500000E+00    4.080972E+01
7.600000E+00    4.096202E+01
7.700000E+00    4.110892E+01
7.800000E+00    4.125061E+01
7.900000E+00    4.138727E+01
8.000000E+00    4.151908E+01
8.100000E+00    4.164622E+01
8.200000E+00    4.176885E+01
8.300000E+00    4.188714E+01
8.400000E+00    4.200125E+01
8.500000E+00    4.211132E+01
8.600000E+00    4.221753E+01
8.700000E+00    4.231999E+01
8.800000E+00    4.241887E+01
8.900000E+00    4.251428E+01
9.000000E+00    4.260638E+01
9.100000E+00    4.269527E+01
9.200000E+00    4.278109E+01
9.300000E+00    4.286395E+01
9.400000E+00    4.294398E+01
9.500000E+00    4.302127E+01
9.600000E+00    4.309593E+01
9.700000E+00    4.316808E+01
9.800000E+00    4.323781E+01
9.900000E+00    4.330521E+01
1.000000E+01    4.337038E+01
1.010000E+01    4.343341E+01
1.020000E+01    4.349438E+01
1.030000E+01    4.355338E+01
1.040000E+01    4.361048E+01
1.050000E+01    4.366577E+01
1.060000E+01    4.371931E+01
1.070000E+01    4.377118E+01
1.080000E+01    4.382144E+01
1.090000E+01    4.387017E+01
1.100000E+01    4.391742E+01
1.110000E+01    4.396326E+01
1.120000E+01    4.400774E+01
1.130000E+01    4.405092E+01
1.140000E+01    4.409286E+01
1.150000E+01    4.413360E+01
1.160000E+01    4.417320E+01
1.170000E+01    4.421170E+01
1.180000E+01    4.424915E+01
1.190000E+01    4.428560E+01
1.200000E+01    4.432108E+01
1.210000E+01    4.435563E+01
1.220000E+01    4.438931E+01
1.230000E+01    4.442213E+01
1.240000E+01    4.445415E+01
1.250000E+01    4.448538E+01
1.260000E+01    4.451588E+01
1.270000E+01    4.454566E+01
1.280000E+01    4.457476E+01
1.290000E+01    4.460321E+01
1.300000E+01    4.463103E+01
1.310000E+01    4.465825E+01
1.320000E+01    4.468490E+01
1.330000E+01    4.471101E+01
1.340000E+01    4.473659E+01
1.350000E+01    4.476167E+01
1.360000E+01    4.478626E+01
1.370000E+01    4.481040E+01
1.380000E+01    4.483410E+01
1.390000E+01    4.485738E+01
1.400000E+01    4.488026E+01
1.410000E+01    4.490275E+01
1.420000E+01    4.492487E+01
1.430000E+01    4.494664E+01
1.440000E+01    4.496807E+01
1.450000E+01    4.498918E+01
1.460000E+01    4.500998E+01
1.470000E+01    4.503049E+01
1.480000E+01    4.505072E+01
1.490000E+01    4.507067E+01
1.500000E+01    4.509037E+01
1.510000E+01    4.510982E+01
1.520000E+01    4.512903E+01
1.530000E+01    4.514802E+01
1.540000E+01    4.516679E+01
1.550000E+01    4.518536E+01
1.560000E+01    4.520372E+01
1.570000E+01    4.522190E+01
1.580000E+01    4.523990E+01
1.590000E+01    4.525773E+01
1.600000E+01    4.527539E+01
1.610000E+01    4.529289E+01
1.620000E+01    4.531024E+01
1.630000E+01    4.532745E+01
1.640000E+01    4.534452E+01
1.650000E+01    4.536145E+01
1.660000E+01    4.537826E+01
1.670000E+01    4.539495E+01
1.680000E+01    4.541153E+01
1.690000E+01    4.542799E+01
1.700000E+01    4.544435E+01
1.710000E+01    4.546060E+01
1.720000E+01    4.547676E+01
1.730000E+01    4.549283E+01
1.740000E+01    4.550881E+01
1.750000E+01    4.552470E+01
1.760000E+01    4.554051E+01
1.770000E+01    4.555625E+01
1.780000E+01    4.557191E+01
1.790000E+01    4.558750E+01
1.800000E+01    4.560302E+01
1.810000E+01    4.561847E+01
1.820000E+01    4.563387E+01
1.830000E+01    4.564920E+01
1.840000E+01    4.566448E+01
1.850000E+01    4.567970E+01
1.860000E+01    4.569487E+01
1.870000E+01    4.570999E+01
1.880000E+01    4.572507E+01
1.890000E+01    4.574009E+01
1.900000E+01    4.575507E+01
1.910000E+01    4.577001E+01
1.920000E+01    4.578491E+01
1.930000E+01    4.579977E+01
1.940000E+01    4.581460E+01
1.950000E+01    4.582938E+01
1.960000E+01    4.584414E+01
1.970000E+01    4.585886E+01
1.980000E+01    4.587355E+01
1.990000E+01    4.588821E+01
2.000000E+01    4.590283E+01
2.010000E+01    4.591744E+01
2.020000E+01    4.593201E+01
2.030000E+01    4.594656E+01
2.040000E+01    4.596108E+01
2.050000E+01    4.597558E+01
2.060000E+01    4.599006E+01
2.070000E+01    4.600452E+01
2.080000E+01    4.601895E+01
2.090000E+01    4.603337E+01
2.100000E+01    4.604776E+01
2.110000E+01    4.606214E+01
2.120000E+01    4.607649E+01
2.130000E+01    4.609083E+01
2.140000E+01    4.610516E+01
2.150000E+01    4.611946E+01
2.160000E+01    4.613375E+01
2.170000E+01    4.614803E+01
2.180000E+01    4.616229E+01
2.190000E+01    4.617653E+01
2.200000E+01    4.619077E+01
2.210000E+01    4.620499E+01
2.220000E+01    4.621919E+01
2.230000E+01    4.623339E+01
2.240000E+01    4.624757E+01
2.250000E+01    4.626174E+01
2.260000E+01    4.627590E+01
2.270000E+01    4.629004E+01
2.280000E+01    4.630418E+01
2.290000E+01    4.631831E+01
2.300000E+01    4.633242E+01
2.310000E+01    4.634653E+01
2.320000E+01    4.636063E+01
2.330000E+01    4.637471E+01
2.340000E+01    4.638879E+01
2.350000E+01    4.640286E+01
2.360000E+01    4.641692E+01
2.370000E+01    4.643097E+01
2.380000E+01    4.644502E+01
2.390000E+01    4.645905E+01
2.400000E+01    4.647308E+01
2.410000E+01    4.648710E+01
2.420000E+01    4.650112E+01
2.430000E+01    4.651512E+01
2.440000E+01    4.652912E+01
2.450000E+01    4.654311E+01
2.460000E+01    4.655710E+01
2.470000E+01    4.657107E+01
2.480000E+01    4.658505E+01
2.490000E+01    4.659901E+01
2.500000E+01    4.661297E+01
2.510000E+01    4.662692E+01
2.520000E+01    4.664086E+01
2.530000E+01    4.665480E+01
2.540000E+01    4.666874E+01
2.550000E+01    4.668266E+01
2.560000E+01    4.669658E+01
2.570000E+01    4.671050E+01
2.580000E+01    4.672441E+01
2.590000E+01    4.673831E+01
2.600000E+01    4.675221E+01
2.610000E+01    4.676611E+01
2.620000E+01    4.677999E+01
2.630000E+01    4.679387E+01
2.640000E+01    4.680775E+01
2.650000E+01    4.682162E+01
2.660000E+01    4.683549E+01
2.670000E+01    4.684935E+01
2.680000E+01    4.686321E+01
2.690000E+01    4.687706E+01
2.700000E+01    4.689090E+01
2.710000E+01    4.690474E+01
2.720000E+01    4.691858E+01
2.730000E+01    4.693241E+01
2.740000E+01    4.694623E+01
2.750000E+01    4.696006E+01
2.760000E+01    4.697387E+01
2.770000E+01    4.698768E+01
2.780000E+01    4.700149E+01
2.790000E+01    4.701529E+01
2.800000E+01    4.702909E+01
2.810000E+01    4.704288E+01
2.820000E+01    4.705667E+01
2.830000E+01    4.707045E+01
2.840000E+01    4.708423E+01
2.850000E+01    4.709800E+01
2.860000E+01    4.711177E+01
2.870000E+01    4.712554E+01
2.880000E+01    4.713930E+01
2.890000E+01    4.715306E+01
2.900000E+01    4.716681E+01
2.910000E+01    4.718055E+01
2.920000E+01    4.719430E+01
2.930000E+01    4.720803E+01
2.940000E+01    4.722177E+01
2.950000E+01    4.723550E+01
2.960000E+01    4.724922E+01
2.970000E+01    4.726294E+01
2.980000E+01    4.727666E+01
2.990000E+01    4.729037E+01
3.000000E+01    4.730408E+01
3.010000E+01    4.731778E+01
3.020000E+01    4.733148E+01
3.030000E+01    4.734517E+01
3.040000E+01    4.735886E+01
3.050000E+01    4.737255E+01
3.060000E+01    4.738623E+01
3.070000E+01    4.739991E+01
3.080000E+01    4.741358E+01
3.090000E+01    4.742725E+01
3.100000E+01    4.744091E+01
3.110000E+01    4.745457E+01
3.120000E+01    4.746823E+01
3.130000E+01    4.748188E+01
3.140000E+01    4.749553E+01
3.150000E+01    4.750917E+01
3.160000E+01    4.752281E+01
3.170000E+01    4.753645E+01
3.180000E+01    4.755008E+01
3.190000E+01    4.756370E+01
3.200000E+01    4.757733E+01
3.210000E+01    4.759094E+01
3.220000E+01    4.760456E+01
3.230000E+01    4.761817E+01
3.240000E+01    4.763177E+01
3.250000E+01    4.764538E+01
3.260000E+01    4.765897E+01
3.270000E+01    4.767257E+01
3.280000E+01    4.768616E+01
3.290000E+01    4.769974E+01
3.300000E+01    4.771332E+01
3.310000E+01    4.772690E+01
3.320000E+01    4.774047E+01
3.330000E+01    4.775404E+01
3.340000E+01    4.776761E+01
3.350000E+01    4.778117E+01
3.360000E+01    4.779472E+01
3.370000E+01    4.780828E+01
3.380000E+01    4.782182E+01
3.390000E+01    4.783537E+01
3.400000E+01    4.784891E+01
3.410000E+01    4.786245E+01
3.420000E+01    4.787598E+01
3.430000E+01    4.788951E+01
3.440000E+01    4.790303E+01
3.450000E+01    4.791655E+01
3.460000E+01    4.793007E+01
3.470000E+01    4.794358E+01
3.480000E+01    4.795709E+01
3.490000E+01    4.797059E+01
3.500000E+01    4.798409E+01
3.510000E+01    4.799759E+01
3.520000E+01    4.801108E+01
3.530000E+01    4.802457E+01
3.540000E+01    4.803805E+01
3.550000E+01    4.805153E+01
3.560000E+01    4.806501E+01
3.570000E+01    4.807848E+01
3.580000E+01    4.809195E+01
3.590000E+01    4.810541E+01
3.600000E+01    4.811887E+01
3.610000E+01    4.813233E+01
3.620000E+01    4.814578E+01
3.630000E+01    4.815923E+01
3.640000E+01    4.817267E+01
3.650000E+01    4.818611E+01
3.660000E+01    4.819955E+01
3.670000E+01    4.821298E+01
3.680000E+01    4.822641E+01
3.690000E+01    4.823984E+01
3.700000E+01    4.825326E+01
3.710000E+01    4.826667E+01
3.720000E+01    4.828009E+01
3.730000E+01    4.829349E+01
3.740000E+01    4.830690E+01
3.750000E+01    4.832030E+01
3.760000E+01    4.833370E+01
3.770000E+01    4.834709E+01
3.780000E+01    4.836048E+01
3.790000E+01    4.837387E+01
3.800000E+01    4.838725E+01
3.810000E+01    4.840062E+01
3.820000E+01    4.841400E+01
3.830000E+01    4.842737E+01
3.840000E+01    4.844073E+01
3.850000E+01    4.845410E+01
3.860000E+01    4.846745E+01
3.870000E+01    4.848081E+01
3.880000E+01    4.849416E+01
3.890000E+01    4.850751E+01
3.900000E+01    4.852085E+01
3.910000E+01    4.853419E+01
3.920000E+01    4.854752E+01
3.930000E+01    4.856085E+01
3.940000E+01    4.857418E+01
3.950000E+01    4.858750E+01
3.960000E+01    4.860082E+01
3.970000E+01    4.861414E+01
3.980000E+01    4.862745E+01
3.990000E+01    4.864076E+01
4.000000E+01    4.865406E+01
4.010000E+01    4.866736E+01
4.020000E+01    4.868066E+01
4.030000E+01    4.869395E+01
4.040000E+01    4.870724E+01
4.050000E+01    4.872053E+01
4.060000E+01    4.873381E+01
4.070000E+01    4.874709E+01
4.080000E+01    4.876036E+01
4.090000E+01    4.877363E+01
4.100000E+01    4.878690E+01
4.110000E+01    4.880016E+01
4.120000E+01    4.881342E+01
4.130000E+01    4.882667E+01
4.140000E+01    4.883992E+01
4.150000E+01    4.885317E+01
4.160000E+01    4.886641E+01
4.170000E+01    4.887965E+01
4.180000E+01    4.889289E+01
4.190000E+01    4.890612E+01
4.200000E+01    4.891935E+01
4.210000E+01    4.893257E+01
4.220000E+01    4.894579E+01
4.230000E+01    4.895901E+01
4.240000E+01    4.897222E+01
4.250000E+01    4.898543E+01
4.260000E+01    4.899864E+01
4.270000E+01    4.901184E+01
4.280000E+01    4.902504E+01
4.290000E+01    4.903824E+01
4.300000E+01    4.905143E+01
4.310000E+01    4.906461E+01
4.320000E+01    4.907780E+01
4.330000E+01    4.909098E+01
4.340000E+01    4.910415E+01
4.350000E+01    4.911732E+01
4.360000E+01    4.913049E+01
4.370000E+01    4.914366E+01
4.380000E+01    4.915682E+01
4.390000E+01    4.916998E+01
4.400000E+01    4.918313E+01
4.410000E+01    4.919628E+01
4.420000E+01    4.920943E+01
4.430000E+01    4.922257E+01
4.440000E+01    4.923571E+01
4.450000E+01    4.924884E+01
4.460000E+01    4.926198E+01
4.470000E+01    4.927510E+01
4.480000E+01    4.928823E+01
4.490000E+01    4.930135E+01
4.500000E+01    4.931447E+01
4.510000E+01    4.932758E+01
4.520000E+01    4.934069E+01
4.530000E+01    4.935379E+01
4.540000E+01    4.936690E+01
4.550000E+01    4.938000E+01
4.560000E+01    4.939309E+01
4.570000E+01    4.940618E+01
4.580000E+01    4.941927E+01
4.590000E+01    4.943235E+01
4.600000E+01    4.944543E+01
4.610000E+01    4.945851E+01
4.620000E+01    4.947158E+01
4.630000E+01    4.948465E+01
4.640000E+01    4.949772E+01
4.650000E+01    4.951078E+01
4.660000E+01    4.952384E+01
4.670000E+01    4.953689E+01
4.680000E+01    4.954995E+01
4.690000E+01    4.956299E+01
4.700000E+01    4.957604E+01
4.710000E+01    4.958908E+01
4.720000E+01    4.960212E+01
4.730000E+01    4.961515E+01
4.740000E+01    4.962818E+01
4.750000E+01    4.964121E+01
4.760000E+01    4.965423E+01
4.770000E+01    4.966725E+01
4.780000E+01    4.968026E+01
4.790000E+01    4.969327E+01
4.800000E+01    4.970628E+01
4.810000E+01    4.971929E+01
4.820000E+01    4.973229E+01
4.830000E+01    4.974529E+01
4.840000E+01    4.975828E+01
4.850000E+01    4.977127E+01
4.860000E+01    4.978426E+01
4.870000E+01    4.979724E+01
4.880000E+01    4.981022E+01
4.890000E+01    4.982320E+01
4.900000E+01    4.983617E+01
4.910000E+01    4.984914E+01
4.920000E+01    4.986210E+01
4.930000E+01    4.987507E+01
4.940000E+01    4.988802E+01
4.950000E+01    4.990098E+01
4.960000E+01    4.991393E+01
4.970000E+01    4.992688E+01
4.980000E+01    4.993982E+01
4.990000E+01    4.995277E+01
5.000000E+01    4.996570E+01
5.010000E+01    4.997864E+01
5.020000E+01    4.999157E+01
5.030000E+01    5.000449E+01
5.040000E+01    5.001742E+01
5.050000E+01    5.003034E+01
5.060000E+01    5.004325E+01
5.070000E+01    5.005617E+01
5.080000E+01    5.006908E+01
5.090000E+01    5.008198E+01
5.100000E+01    5.009488E+01
5.110000E+01    5.010778E+01
5.120000E+01    5.012068E+01
5.130000E+01    5.013357E+01
5.140000E+01    5.014646E+01
5.150000E+01    5.015934E+01
5.160000E+01    5.017222E+01
5.170000E+01    5.018510E+01
5.180000E+01    5.019798E+01
5.190000E+01    5.021085E+01
5.200000E+01    5.022372E+01
5.210000E+01    5.023658E+01
5.220000E+01    5.024944E+01
5.230000E+01    5.026230E+01
5.240000E+01    5.027515E+01
5.250000E+01    5.028800E+01
5.260000E+01    5.030085E+01
5.270000E+01    5.031369E+01
5.280000E+01    5.032653E+01
5.290000E+01    5.033937E+01
5.300000E+01    5.035220E+01
5.310000E+01    5.036503E+01
5.320000E+01    5.037786E+01
5.330000E+01    5.039068E+01
5.340000E+01    5.040350E+01
5.350000E+01    5.041632E+01
5.360000E+01    5.042913E+01
5.370000E+01    5.044194E+01
5.380000E+01    5.045474E+01
5.390000E+01    5.046755E+01
5.400000E+01    5.048034E+01
5.410000E+01    5.049314E+01
5.420000E+01    5.050593E+01
5.430000E+01    5.051872E+01
5.440000E+01    5.053151E+01
5.450000E+01    5.054429E+01
5.460000E+01    5.055707E+01
5.470000E+01    5.056984E+01
5.480000E+01    5.058261E+01
5.490000E+01    5.059538E+01
5.500000E+01    5.060815E+01
5.510000E+01    5.062091E+01
5.520000E+01    5.063367E+01
5.530000E+01    5.064642E+01
5.540000E+01    5.065917E+01
5.550000E+01    5.067192E+01
5.560000E+01    5.068467E+01
5.570000E+01    5.069741E+01
5.580000E+01    5.071015E+01
5.590000E+01    5.072288E+01
5.600000E+01    5.073561E+01
5.610000E+01    5.074834E+01
5.620000E+01    5.076107E+01
5.630000E+01    5.077379E+01
5.640000E+01    5.078650E+01
5.650000E+01    5.079922E+01
5.660000E+01    5.081193E+01
5.670000E+01    5.082464E+01
5.680000E+01    5.083734E+01
5.690000E+01    5.085005E+01
5.700000E+01    5.086274E+01
5.710000E+01    5.087544E+01
5.720000E+01    5.088813E+01
5.730000E+01    5.090082E+01
5.740000E+01    5.091350E+01
5.750000E+01    5.092618E+01
5.760000E+01    5.093886E+01
5.770000E+01    5.095154E+01
5.780000E+01    5.096421E+01
5.790000E+01    5.097688E+01
5.800000E+01    5.098954E+01
5.810000E+01    5.100220E+01
5.820000E+01    5.101486E+01
5.830000E+01    5.102752E+01
5.840000E+01    5.104017E+01
5.850000E+01    5.105282E+01
5.860000E+01    5.106546E+01
5.870000E+01    5.107810E+01
5.880000E+01    5.109074E+01
5.890000E+01    5.110338E+01
5.900000E+01    5.111601E+01
5.910000E+01    5.112864E+01
5.920000E+01    5.114126E+01
5.930000E+01    5.115389E+01
5.940000E+01    5.116650E+01
5.950000E+01    5.117912E+01
5.960000E+01    5.119173E+01
5.970000E+01    5.120434E+01
5.980000E+01    5.121695E+01
5.990000E+01    5.122955E+01
6.000000E+01    5.124215E+01
6.010000E+01    5.125475E+01
6.020000E+01    5.126734E+01
6.030000E+01    5.127993E+01
6.040000E+01    5.129252E+01
6.050000E+01    5.130510E+01
6.060000E+01    5.131768E+01
6.070000E+01    5.133026E+01
6.080000E+01    5.134283E+01
6.090000E+01    5.135540E+01
6.100000E+01    5.136797E+01
6.110000E+01    5.138053E+01
6.120000E+01    5.139309E+01
6.130000E+01    5.140565E+01
6.140000E+01    5.141820E+01
6.150000E+01    5.143075E+01
6.160000E+01    5.144330E+01
6.170000E+01    5.145585E+01
6.180000E+01    5.146839E+01
6.190000E+01    5.148093E+01
6.200000E+01    5.149346E+01
6.210000E+01    5.150599E+01
6.220000E+01    5.151852E+01
6.230000E+01    5.153105E+01
6.240000E+01    5.154357E+01
6.250000E+01    5.155609E+01
6.260000E+01    5.156860E+01
6.270000E+01    5.158112E+01
6.280000E+01    5.159363E+01
6.290000E+01    5.160613E+01
6.300000E+01    5.161864E+01
6.310000E+01    5.163114E+01
6.320000E+01    5.164363E+01
6.330000E+01    5.165613E+01
6.340000E+01    5.166862E+01
6.350000E+01    5.168110E+01
6.360000E+01    5.169359E+01
6.370000E+01    5.170607E+01
6.380000E+01    5.171855E+01
6.390000E+01    5.173102E+01
6.400000E+01    5.174349E+01
6.410000E+01    5.175596E+01
6.420000E+01    5.176843E+01
6.430000E+01    5.178089E+01
6.440000E+01    5.179335E+01
6.450000E+01    5.180580E+01
6.460000E+01    5.181826E+01
6.470000E+01    5.183071E+01
6.480000E+01    5.184315E+01
6.490000E+01    5.185560E+01
6.500000E+01    5.186804E+01
6.510000E+01    5.188047E+01
6.520000E+01    5.189291E+01
6.530000E+01    5.190534E+01
6.540000E+01    5.191777E+01
6.550000E+01    5.193019E+01
6.560000E+01    5.194261E+01
6.570000E+01    5.195503E+01
6.580000E+01    5.196745E+01
6.590000E+01    5.197986E+01
6.600000E+01    5.199227E+01
6.610000E+01    5.200467E+01
6.620000E+01    5.201708E+01
6.630000E+01    5.202948E+01
6.640000E+01    5.204187E+01
6.650000E+01    5.205427E+01
6.660000E+01    5.206666E+01
6.670000E+01    5.207904E+01
6.680000E+01    5.209143E+01
6.690000E+01    5.210381E+01
6.700000E+01    5.211619E+01
6.710000E+01    5.212856E+01
6.720000E+01    5.214093E+01
6.730000E+01    5.215330E+01
6.740000E+01    5.216567E+01
6.750000E+01    5.217803E+01
6.760000E+01    5.219039E+01
6.770000E+01    5.220275E+01
6.780000E+01    5.221510E+01
6.790000E+01    5.222745E+01
6.800000E+01    5.223980E+01
6.810000E+01    5.225214E+01
6.820000E+01    5.226449E+01
6.830000E+01    5.227682E+01
6.840000E+01    5.228916E+01
6.850000E+01    5.230149E+01
6.860000E+01    5.231382E+01
6.870000E+01    5.232615E+01
6.880000E+01    5.233847E+01
6.890000E+01    5.235079E+01
6.900000E+01    5.236311E+01
6.910000E+01    5.237542E+01
6.920000E+01    5.238773E+01
6.930000E+01    5.240004E+01
6.940000E+01    5.241235E+01
6.950000E+01    5.242465E+01
6.960000E+01    5.243695E+01
6.970000E+01    5.244924E+01
6.980000E+01    5.246153E+01
6.990000E+01    5.247382E+01
7.000000E+01    5.248611E+01
7.010000E+01    5.249839E+01
7.020000E+01    5.251068E+01
7.030000E+01    5.252295E+01
7.040000E+01    5.253523E+01
7.050000E+01    5.254750E+01
7.060000E+01    5.255977E+01
7.070000E+01    5.257203E+01
7.080000E+01    5.258430E+01
7.090000E+01    5.259656E+01
7.100000E+01    5.260881E+01
7.110000E+01    5.262107E+01
7.120000E+01    5.263332E+01
7.130000E+01    5.264557E+01
7.140000E+01    5.265781E+01
7.150000E+01    5.267005E+01
7.160000E+01    5.268229E+01
7.170000E+01    5.269453E+01
7.180000E+01    5.270676E+01
7.190000E+01    5.271899E+01
7.200000E+01    5.273122E+01
7.210000E+01    5.274344E+01
7.220000E+01    5.275566E+01
7.230000E+01    5.276788E+01
7.240000E+01    5.278010E+01
7.250000E+01    5.279231E+01
7.260000E+01    5.280452E+01
7.270000E+01    5.281672E+01
7.280000E+01    5.282893E+01
7.290000E+01    5.284113E+01
7.300000E+01    5.285333E+01
7.310000E+01    5.286552E+01
7.320000E+01    5.287771E+01
7.330000E+01    5.288990E+01
7.340000E+01    5.290209E+01
7.350000E+01    5.291427E+01
7.360000E+01    5.292645E+01
7.370000E+01    5.293863E+01
7.380000E+01    5.295080E+01
7.390000E+01    5.296297E+01
7.400000E+01    5.297514E+01
7.410000E+01    5.298730E+01
7.420000E+01    5.299947E+01
7.430000E+01    5.301163E+01
7.440000E+01    5.302378E+01
7.450000E+01    5.303594E+01
7.460000E+01    5.304809E+01
7.470000E+01    5.306023E+01
7.480000E+01    5.307238E+01
7.490000E+01    5.308452E+01
7.500000E+01    5.309666E+01
7.510000E+01    5.310880E+01
7.520000E+01    5.312093E+01
7.530000E+01    5.313306E+01
7.540000E+01    5.314519E+01
7.550000E+01    5.315731E+01
7.560000E+01    5.316943E+01
7.570000E+01    5.318155E+01
7.580000E+01    5.319367E+01
7.590000E+01    5.320578E+01
7.600000E+01    5.321789E+01
7.610000E+01    5.323000E+01
7.620000E+01    5.324210E+01
7.630000E+01    5.325420E+01
7.640000E+01    5.326630E+01
7.650000E+01    5.327840E+01
7.660000E+01    5.329049E+01
7.670000E+01    5.330258E+01
7.680000E+01    5.331467E+01
7.690000E+01    5.332675E+01
7.700000E+01    5.333883E+01
7.710000E+01    5.335091E+01
7.720000E+01    5.336299E+01
7.730000E+01    5.337506E+01
7.740000E+01    5.338713E+01
7.750000E+01    5.339920E+01
7.760000E+01    5.341126E+01
7.770000E+01    5.342332E+01
7.780000E+01    5.343538E+01
7.790000E+01    5.344744E+01
7.800000E+01    5.345949E+01
7.810000E+01    5.347154E+01
7.820000E+01    5.348359E+01
7.830000E+01    5.349563E+01
7.840000E+01    5.350767E+01
7.850000E+01    5.351971E+01
7.860000E+01    5.353175E+01
7.870000E+01    5.354378E+01
7.880000E+01    5.355581E+01
7.890000E+01    5.356784E+01
7.900000E+01    5.357986E+01
7.910000E+01    5.359188E+01
7.920000E+01    5.360390E+01
7.930000E+01    5.361592E+01
7.940000E+01    5.362793E+01
7.950000E+01    5.363994E+01
7.960000E+01    5.365195E+01
7.970000E+01    5.366395E+01
7.980000E+01    5.367595E+01
7.990000E+01    5.368795E+01
8.000000E+01    5.369995E+01
8.010000E+01    5.371194E+01
8.020000E+01    5.372393E+01
8.030000E+01    5.373592E+01
8.040000E+01    5.374791E+01
8.050000E+01    5.375989E+01
8.060000E+01    5.377187E+01
8.070000E+01    5.378385E+01
8.080000E+01    5.379582E+01
8.090000E+01    5.380779E+01
8.100000E+01    5.381976E+01
8.110000E+01    5.383172E+01
8.120000E+01    5.384369E+01
8.130000E+01    5.385565E+01
8.140000E+01    5.386761E+01
8.150000E+01    5.387956E+01
8.160000E+01    5.389151E+01
8.170000E+01    5.390346E+01
8.180000E+01    5.391541E+01
8.190000E+01    5.392735E+01
8.200000E+01    5.393929E+01
8.210000E+01    5.395123E+01
8.220000E+01    5.396316E+01
8.230000E+01    5.397510E+01
8.240000E+01    5.398703E+01
8.250000E+01    5.399895E+01
8.260000E+01    5.401088E+01
8.270000E+01    5.402280E+01
8.280000E+01    5.403472E+01
8.290000E+01    5.404663E+01
8.300000E+01    5.405855E+01
8.310000E+01    5.407046E+01
8.320000E+01    5.408236E+01
8.330000E+01    5.409427E+01
8.340000E+01    5.410617E+01
8.350000E+01    5.411807E+01
8.360000E+01    5.412997E+01
8.370000E+01    5.414186E+01
8.380000E+01    5.415375E+01
8.390000E+01    5.416564E+01
8.400000E+01    5.417753E+01
8.410000E+01    5.418941E+01
8.420000E+01    5.420129E+01
8.430000E+01    5.421317E+01
8.440000E+01    5.422504E+01
8.450000E+01    5.423691E+01
8.460000E+01    5.424878E+01
8.470000E+01    5.426065E+01
8.480000E+01    5.427251E+01
8.490000E+01    5.428438E+01
8.500000E+01    5.429623E+01
8.510000E+01    5.430809E+01
8.520000E+01    5.431994E+01
8.530000E+01    5.433179E+01
8.540000E+01    5.434364E+01
8.550000E+01    5.435549E+01
8.560000E+01    5.436733E+01
8.570000E+01    5.437917E+01
8.580000E+01    5.439101E+01
8.590000E+01    5.440284E+01
8.600000E+01    5.441467E+01
8.610000E+01    5.442650E+01
8.620000E+01    5.443833E+01
8.630000E+01    5.445015E+01
8.640000E+01    5.446197E+01
8.650000E+01    5.447379E+01
8.660000E+01    5.448561E+01
8.670000E+01    5.449742E+01
8.680000E+01    5.450923E+01
8.690000E+01    5.452104E+01
8.700000E+01    5.453284E+01
8.710000E+01    5.454464E+01
8.720000E+01    5.455644E+01
8.730000E+01    5.456824E+01
8.740000E+01    5.458003E+01
8.750000E+01    5.459182E+01
8.760000E+01    5.460361E+01
8.770000E+01    5.461540E+01
8.780000E+01    5.462718E+01
8.790000E+01    5.463896E+01
8.800000E+01    5.465074E+01
8.810000E+01    5.466252E+01
8.820000E+01    5.467429E+01
8.830000E+01    5.468606E+01
8.840000E+01    5.469783E+01
8.850000E+01    5.470959E+01
8.860000E+01    5.472136E+01
8.870000E+01    5.473312E+01
8.880000E+01    5.474487E+01
8.890000E+01    5.475663E+01
8.900000E+01    5.476838E+01
8.910000E+01    5.478013E+01
8.920000E+01    5.479187E+01
8.930000E+01    5.480362E+01
8.940000E+01    5.481536E+01
8.950000E+01    5.482710E+01
8.960000E+01    5.483883E+01
8.970000E+01    5.485057E+01
8.980000E+01    5.486230E+01
8.990000E+01    5.487403E+01
9.000000E+01    5.488575E+01
9.010000E+01    5.489747E+01
9.020000E+01    5.490919E+01
9.030000E+01    5.492091E+01
9.040000E+01    5.493263E+01
9.050000E+01    5.494434E+01
9.060000E+01    5.495605E+01
9.070000E+01    5.496776E+01
9.080000E+01    5.497946E+01
9.090000E+01    5.499116E+01
9.100000E+01    5.500286E+01
9.110000E+01    5.501456E+01
9.120000E+01    5.502625E+01
9.130000E+01    5.503795E+01
9.140000E+01    5.504963E+01
9.150000E+01    5.506132E+01
9.160000E+01    5.507300E+01
9.170000E+01    5.508469E+01
9.180000E+01    5.509636E+01
9.190000E+01    5.510804E+01
9.200000E+01    5.511971E+01
9.210000E+01    5.513138E+01
9.220000E+01    5.514305E+01
9.230000E+01    5.515472E+01
9.240000E+01    5.516638E+01
9.250000E+01    5.517804E+01
9.260000E+01    5.518970E+01
9.270000E+01    5.520136E+01
9.280000E+01    5.521301E+01
9.290000E+01    5.522466E+01
9.300000E+01    5.523631E+01
9.310000E+01    5.524795E+01
9.320000E+01    5.525960E+01
9.330000E+01    5.527124E+01
9.340000E+01    5.528287E+01
9.350000E+01    5.529451E+01
9.360000E+01    5.530614E+01
9.370000E+01    5.531777E+01
9.380000E+01    5.532940E+01
9.390000E+01    5.534102E+01
9.400000E+01    5.535264E+01
9.410000E+01    5.536426E+01
9.420000E+01    5.537588E+01
9.430000E+01    5.538749E+01
9.440000E+01    5.539911E+01
9.450000E+01    5.541072E+01
9.460000E+01    5.542232E+01
9.470000E+01    5.543393E+01
9.480000E+01    5.544553E+01
9.490000E+01    5.545713E+01
9.500000E+01    5.546873E+01
9.510000E+01    5.548032E+01
9.520000E+01    5.549191E+01
9.530000E+01    5.550350E+01
9.540000E+01    5.551509E+01
9.550000E+01    5.552667E+01
9.560000E+01    5.553825E+01
9.570000E+01    5.554983E+01
9.580000E+01    5.556141E+01
9.590000E+01    5.557298E+01
9.600000E+01    5.558455E+01
9.610000E+01    5.559612E+01
9.620000E+01    5.560769E+01
9.630000E+01    5.561925E+01
9.640000E+01    5.563081E+01
9.650000E+01    5.564237E+01
9.660000E+01    5.565393E+01
9.670000E+01    5.566548E+01
9.680000E+01    5.567704E+01
9.690000E+01    5.568858E+01
9.700000E+01    5.570013E+01
9.710000E+01    5.571167E+01
9.720000E+01    5.572322E+01
9.730000E+01    5.573475E+01
9.740000E+01    5.574629E+01
9.750000E+01    5.575783E+01
9.760000E+01    5.576936E+01
9.770000E+01    5.578089E+01
9.780000E+01    5.579241E+01
9.790000E+01    5.580394E+01
9.800000E+01    5.581546E+01
9.810000E+01    5.582698E+01
9.820000E+01    5.583849E+01
9.830000E+01    5.585001E+01
9.840000E+01    5.586152E+01
9.850000E+01    5.587303E+01
9.860000E+01    5.588453E+01
9.870000E+01    5.589604E+01
9.880000E+01    5.590754E+01
9.890000E+01    5.591904E+01
9.900000E+01    5.593054E+01
9.910000E+01    5.594203E+01
9.920000E+01    5.595352E+01
9.930000E+01    5.596501E+01
9.940000E+01    5.597650E+01
9.950000E+01    5.598798E+01
9.960000E+01    5.599946E+01
9.970000E+01    5.601094E+01
9.980000E+01    5.602242E+01
9.990000E+01    5.603390E+01
1.000000E+02    5.604537E+01
1.001000E+02    5.605684E+01
1.002000E+02    5.606830E+01
1.003000E+02    5.607977E+01
1.004000E+02    5.609123E+01
1.005000E+02    5.610269E+01
1.006000E+02    5.611415E+01
1.007000E+02    5.612560E+01
1.008000E+02    5.613706E+01
1.009000E+02    5.614851E+01
1.010000E+02    5.615995E+01
1.011000E+02    5.617140E+01
1.012000E+02    5.618284E+01
1.013000E+02    5.619428E+01
1.014000E+02    5.620572E+01
1.015000E+02    5.621716E+01
1.016000E+02    5.622859E+01
1.017000E+02    5.624002E+01
1.018000E+02    5.625145E+01
1.019000E+02    5.626287E+01
1.020000E+02    5.627430E+01
1.021000E+02    5.628572E+01
1.022000E+02    5.629714E+01
1.023000E+02    5.630855E+01
1.024000E+02    5.631997E+01
1.025000E+02    5.633138E+01
1.026000E+02    5.634279E+01
1.027000E+02    5.635419E+01
1.028000E+02    5.636560E+01
1.029000E+02    5.637700E+01
1.030000E+02    5.638840E+01
1.031000E+02    5.639979E+01
1.032000E+02    5.641119E+01
1.033000E+02    5.642258E+01
1.034000E+02    5.643397E+01
1.035000E+02    5.644536E+01
1.036000E+02    5.645674E+01
1.037000E+02    5.646813E+01
1.038000E+02    5.647951E+01
1.039000E+02    5.649088E+01
1.040000E+02    5.650226E+01
1.041000E+02    5.651363E+01
1.042000E+02    5.652500E+01
1.043000E+02    5.653637E+01
1.044000E+02    5.654774E+01
1.045000E+02    5.655910E+01
1.046000E+02    5.657046E+01
1.047000E+02    5.658182E+01
1.048000E+02    5.659317E+01
1.049000E+02    5.660453E+01
1.050000E+02    5.661588E+01
1.051000E+02    5.662723E+01
1.052000E+02    5.663857E+01
1.053000E+02    5.664992E+01
1.054000E+02    5.666126E+01
1.055000E+02    5.667260E+01
1.056000E+02    5.668394E+01
1.057000E+02    5.669527E+01
1.058000E+02    5.670660E+01
1.059000E+02    5.671793E+01
1.060000E+02    5.672926E+01
1.061000E+02    5.674059E+01
1.062000E+02    5.675191E+01
1.063000E+02    5.676323E+01
1.064000E+02    5.677455E+01
1.065000E+02    5.678587E+01
1.066000E+02    5.679718E+01
1.067000E+02    5.680849E+01
1.068000E+02    5.681980E+01
1.069000E+02    5.683111E+01
1.070000E+02    5.684241E+01
1.071000E+02    5.685371E+01
1.072000E+02    5.686501E+01
1.073000E+02    5.687631E+01
1.074000E+02    5.688760E+01
1.075000E+02    5.689890E+01
1.076000E+02    5.691019E+01
1.077000E+02    5.692147E+01
1.078000E+02    5.693276E+01
1.079000E+02    5.694404E+01
1.080000E+02    5.695532E+01
1.081000E+02    5.696660E+01
1.082000E+02    5.697788E+01
1.083000E+02    5.698915E+01
1.084000E+02    5.700042E+01
1.085000E+02    5.701169E+01
1.086000E+02    5.702296E+01
1.087000E+02    5.703422E+01
1.088000E+02    5.704548E+01
1.089000E+02    5.705674E+01
1.090000E+02    5.706800E+01
1.091000E+02    5.707926E+01
1.092000E+02    5.709051E+01
1.093000E+02    5.710176E+01
1.094000E+02    5.711301E+01
1.095000E+02    5.712425E+01
1.096000E+02    5.713550E+01
1.097000E+02    5.714674E+01
1.098000E+02    5.715798E+01
1.099000E+02    5.716922E+01
1.100000E+02    5.718045E+01
1.101000E+02    5.719168E+01
1.102000E+02    5.720291E+01
1.103000E+02    5.721414E+01
1.104000E+02    5.722536E+01
1.105000E+02    5.723659E+01
1.106000E+02    5.724781E+01
1.107000E+02    5.725903E+01
1.108000E+02    5.727024E+01
1.109000E+02    5.728146E+01
1.110000E+02    5.729267E+01
1.111000E+02    5.730388E+01
1.112000E+02    5.731508E+01
1.113000E+02    5.732629E+01
1.114000E+02    5.733749E+01
1.115000E+02    5.734869E+01
1.116000E+02    5.735989E+01
1.117000E+02    5.737108E+01
1.118000E+02    5.738228E+01
1.119000E+02    5.739347E+01
1.120000E+02    5.740465E+01
1.121000E+02    5.741584E+01
1.122000E+02    5.742702E+01
1.123000E+02    5.743821E+01
1.124000E+02    5.744939E+01
1.125000E+02    5.746056E+01
1.126000E+02    5.747174E+01
1.127000E+02    5.748291E+01
1.128000E+02    5.749408E+01
1.129000E+02    5.750525E+01
1.130000E+02    5.751642E+01
1.131000E+02    5.752758E+01
1.132000E+02    5.753874E+01
1.133000E+02    5.754990E+01
1.134000E+02    5.756106E+01
1.135000E+02    5.757221E+01
1.136000E+02    5.758336E+01
1.137000E+02    5.759451E+01
1.138000E+02    5.760566E+01
1.139000E+02    5.761681E+01
1.140000E+02    5.762795E+01
1.141000E+02    5.763909E+01
1.142000E+02    5.765023E+01
1.143000E+02    5.766137E+01
1.144000E+02    5.767250E+01
1.145000E+02    5.768363E+01
1.146000E+02    5.769476E+01
1.147000E+02    5.770589E+01
1.148000E+02    5.771701E+01
1.149000E+02    5.772814E+01
1.150000E+02    5.773926E+01
1.151000E+02    5.775038E+01
1.152000E+02    5.776149E+01
1.153000E+02    5.777261E+01
1.154000E+02    5.778372E+01
1.155000E+02    5.779483E+01
1.156000E+02    5.780594E+01
1.157000E+02    5.781704E+01
1.158000E+02    5.782815E+01
1.159000E+02    5.783925E+01
1.160000E+02    5.785034E+01
1.161000E+02    5.786144E+01
1.162000E+02    5.787254E+01
1.163000E+02    5.788363E+01
1.164000E+02    5.789472E+01
1.165000E+02    5.790580E+01
1.166000E+02    5.791689E+01
1.167000E+02    5.792797E+01
1.168000E+02    5.793905E+01
1.169000E+02    5.795013E+01
1.170000E+02    5.796121E+01
1.171000E+02    5.797228E+01
1.172000E+02    5.798335E+01
1.173000E+02    5.799442E+01
1.174000E+02    5.800549E+01
1.175000E+02    5.801656E+01
1.176000E+02    5.802762E+01
1.177000E+02    5.803868E+01
1.178000E+02    5.804974E+01
1.179000E+02    5.806080E+01
1.180000E+02    5.807185E+01
1.181000E+02    5.808290E+01
1.182000E+02    5.809395E+01
1.183000E+02    5.810500E+01
1.184000E+02    5.811605E+01
1.185000E+02    5.812709E+01
1.186000E+02    5.813813E+01
1.187000E+02    5.814917E+01
1.188000E+02    5.816021E+01
1.189000E+02    5.817124E+01
1.190000E+02    5.818227E+01
1.191000E+02    5.819330E+01
1.192000E+02    5.820433E+01
1.193000E+02    5.821536E+01
1.194000E+02    5.822638E+01
1.195000E+02    5.823740E+01
1.196000E+02    5.824842E+01
1.197000E+02    5.825944E+01
1.198000E+02    5.827045E+01
1.199000E+02    5.828147E+01
1.200000E+02    5.829248E+01
1.201000E+02    5.830349E+01
1.202000E+02    5.831449E+01
1.203000E+02    5.832550E+01
1.204000E+02    5.833650E+01
1.205000E+02    5.834750E+01
1.206000E+02    5.835850E+01
1.207000E+02    5.836949E+01
1.208000E+02    5.838049E+01
1.209000E+02    5.839148E+01
1.210000E+02    5.840247E+01
1.211000E+02    5.841345E+01
1.212000E+02    5.842444E+01
1.213000E+02    5.843542E+01
1.214000E+02    5.844640E+01
1.215000E+02    5.845738E+01
1.216000E+02    5.846835E+01
1.217000E+02    5.847933E+01
1.218000E+02    5.849030E+01
1.219000E+02    5.850127E+01
1.220000E+02    5.851224E+01
1.221000E+02    5.852320E+01
1.222000E+02    5.853417E+01
1.223000E+02    5.854513E+01
1.224000E+02    5.855609E+01
1.225000E+02    5.856704E+01
1.226000E+02    5.857800E+01
1.227000E+02    5.858895E+01
1.228000E+02    5.859990E+01
1.229000E+02    5.861085E+01
1.230000E+02    5.862179E+01
1.231000E+02    5.863274E+01
1.232000E+02    5.864368E+01
1.233000E+02    5.865462E+01
1.234000E+02    5.866556E+01
1.235000E+02    5.867649E+01
1.236000E+02    5.868743E+01
1.237000E+02    5.869836E+01
1.238000E+02    5.870929E+01
1.239000E+02    5.872021E+01
1.240000E+02    5.873114E+01
1.241000E+02    5.874206E+01
1.242000E+02    5.875298E+01
1.243000E+02    5.876390E+01
1.244000E+02    5.877482E+01
1.245000E+02    5.878573E+01
1.246000E+02    5.879664E+01
1.247000E+02    5.880755E+01
1.248000E+02    5.881846E+01
1.249000E+02    5.882937E+01
1.250000E+02    5.884027E+01
1.251000E+02    5.885117E+01
1.252000E+02    5.886207E+01
1.253000E+02    5.887297E+01
1.254000E+02    5.888386E+01
1.255000E+02    5.889476E+01
1.256000E+02    5.890565E+01
1.257000E+02    5.891654E+01
1.258000E+02    5.892742E+01
1.259000E+02    5.893831E+01
1.260000E+02    5.894919E+01
1.261000E+02    5.896007E+01
1.262000E+02    5.897095E+01
1.263000E+02    5.898183E+01
1.264000E+02    5.899270E+01
1.265000E+02    5.900357E+01
1.266000E+02    5.901444E+01
1.267000E+02    5.902531E+01
1.268000E+02    5.903618E+01
1.269000E+02    5.904704E+01
1.270000E+02    5.905790E+01
1.271000E+02    5.906876E+01
1.272000E+02    5.907962E+01
1.273000E+02    5.909048E+01
1.274000E+02    5.910133E+01
1.275000E+02    5.911218E+01
1.276000E+02    5.912303E+01
1.277000E+02    5.913388E+01
1.278000E+02    5.914472E+01
1.279000E+02    5.915556E+01
1.280000E+02    5.916641E+01
1.281000E+02    5.917724E+01
1.282000E+02    5.918808E+01
1.283000E+02    5.919892E+01
1.284000E+02    5.920975E+01
1.285000E+02    5.922058E+01
1.286000E+02    5.923141E+01
1.287000E+02    5.924223E+01
1.288000E+02    5.925306E+01
1.289000E+02    5.926388E+01
1.290000E+02    5.927470E+01
1.291000E+02    5.928552E+01
1.292000E+02    5.929633E+01
1.293000E+02    5.930715E+01
1.294000E+02    5.931796E+01
1.295000E+02    5.932877E+01
1.296000E+02    5.933958E+01
1.297000E+02    5.935038E+01
1.298000E+02    5.936119E+01
1.299000E+02    5.937199E+01
1.300000E+02    5.938279E+01
1.301000E+02    5.939359E+01
1.302000E+02    5.940438E+01
1.303000E+02    5.941518E+01
1.304000E+02    5.942597E+01
1.305000E+02    5.943676E+01
1.306000E+02    5.944754E+01
1.307000E+02    5.945833E+01
1.308000E+02    5.946911E+01
1.309000E+02    5.947989E+01
1.310000E+02    5.949067E+01
1.311000E+02    5.950145E+01
1.312000E+02    5.951223E+01
1.313000E+02    5.952300E+01
1.314000E+02    5.953377E+01
1.315000E+02    5.954454E+01
1.316000E+02    5.955531E+01
1.317000E+02    5.956607E+01
1.318000E+02    5.957683E+01
1.319000E+02    5.958760E+01
1.320000E+02    5.959835E+01
1.321000E+02    5.960911E+01
1.322000E+02    5.961987E+01
1.323000E+02    5.963062E+01
1.324000E+02    5.964137E+01
1.325000E+02    5.965212E+01
1.326000E+02    5.966287E+01
1.327000E+02    5.967361E+01
1.328000E+02    5.968435E+01
1.329000E+02    5.969509E+01
1.330000E+02    5.970583E+01
1.331000E+02    5.971657E+01
1.332000E+02    5.972730E+01
1.333000E+02    5.973804E+01
1.334000E+02    5.974877E+01
1.335000E+02    5.975949E+01
1.336000E+02    5.977022E+01
1.337000E+02    5.978095E+01
1.338000E+02    5.979167E+01
1.339000E+02    5.980239E+01
1.340000E+02    5.981311E+01
1.341000E+02    5.982382E+01
1.342000E+02    5.983454E+01
1.343000E+02    5.984525E+01
1.344000E+02    5.985596E+01
1.345000E+02    5.986667E+01
1.346000E+02    5.987738E+01
1.347000E+02    5.988808E+01
1.348000E+02    5.989878E+01
1.349000E+02    5.990949E+01
1.350000E+02    5.992018E+01
1.351000E+02    5.993088E+01
1.352000E+02    5.994157E+01
1.353000E+02    5.995227E+01
1.354000E+02    5.996296E+01
1.355000E+02    5.997365E+01
1.356000E+02    5.998433E+01
1.357000E+02    5.999502E+01
1.358000E+02    6.000570E+01
1.359000E+02    6.001638E+01
1.360000E+02    6.002706E+01
1.361000E+02    6.003774E+01
1.362000E+02    6.004841E+01
1.363000E+02    6.005908E+01
1.364000E+02    6.006975E+01
1.365000E+02    6.008042E+01
1.366000E+02    6.009109E+01
1.367000E+02    6.010175E+01
1.368000E+02    6.011242E+01
1.369000E+02    6.012308E+01
1.370000E+02    6.013374E+01
1.371000E+02    6.014439E+01
1.372000E+02    6.015505E+01
1.373000E+02    6.016570E+01
1.374000E+02    6.017635E+01
1.375000E+02    6.018700E+01
1.376000E+02    6.019765E+01
1.377000E+02    6.020829E+01
1.378000E+02    6.021894E+01
1.379000E+02    6.022958E+01
1.380000E+02    6.024022E+01
1.381000E+02    6.025086E+01
1.382000E+02    6.026149E+01
1.383000E+02    6.027212E+01
1.384000E+02    6.028276E+01
1.385000E+02    6.029338E+01
1.386000E+02    6.030401E+01
1.387000E+02    6.031464E+01
1.388000E+02    6.032526E+01
1.389000E+02    6.033588E+01
1.390000E+02    6.034650E+01
1.391000E+02    6.035712E+01
1.392000E+02    6.036774E+01
1.393000E+02    6.037835E+01
1.394000E+02    6.038896E+01
1.395000E+02    6.039957E+01
1.396000E+02    6.041018E+01
1.397000E+02    6.042079E+01
1.398000E+02    6.043139E+01
1.399000E+02    6.044199E+01
1.400000E+02    6.045259E+01
1.401000E+02    6.046319E+01
1.402000E+02    6.047379E+01
1.403000E+02    6.048438E+01
1.404000E+02    6.049497E+01
1.405000E+02    6.050556E+01
1.406000E+02    6.051615E+01
1.407000E+02    6.052674E+01
1.408000E+02    6.053732E+01
1.409000E+02    6.054791E+01
1.410000E+02    6.055849E+01
1.411000E+02    6.056907E+01
1.412000E+02    6.057964E+01
1.413000E+02    6.059022E+01
1.414000E+02    6.060079E+01
1.415000E+02    6.061136E+01
1.416000E+02    6.062193E+01
1.417000E+02    6.063250E+01
1.418000E+02    6.064306E+01
1.419000E+02    6.065363E+01
1.420000E+02    6.066419E+01
1.421000E+02    6.067475E+01
1.422000E+02    6.068531E+01
1.423000E+02    6.069586E+01
1.424000E+02    6.070642E+01
1.425000E+02    6.071697E+01
1.426000E+02    6.072752E+01
1.427000E+02    6.073807E+01
1.428000E+02    6.074861E+01
1.429000E+02    6.075916E+01
1.430000E+02    6.076970E+01
1.431000E+02    6.078024E+01
1.432000E+02    6.079078E+01
1.433000E+02    6.080132E+01
1.434000E+02    6.081185E+01
1.435000E+02    6.082238E+01
1.436000E+02    6.083291E+01
1.437000E+02    6.084344E+01
1.438000E+02    6.085397E+01
1.439000E+02    6.086450E+01
1.440000E+02    6.087502E+01
1.441000E+02    6.088554E+01
1.442000E+02    6.089606E+01
1.443000E+02    6.090658E+01
1.444000E+02    6.091709E+01
1.445000E+02    6.092761E+01
1.446000E+02    6.093812E+01
1.447000E+02    6.094863E+01
1.448000E+02    6.095914E+01
1.449000E+02    6.096964E+01
1.450000E+02    6.098015E+01
1.451000E+02    6.099065E+01
1.452000E+02    6.100115E+01
1.453000E+02    6.101165E+01
1.454000E+02    6.102215E+01
1.455000E+02    6.103264E+01
1.456000E+02    6.104314E+01
1.457000E+02    6.105363E+01
1.458000E+02    6.106412E+01
1.459000E+02    6.107460E+01
1.460000E+02    6.108509E+01
1.461000E+02    6.109557E+01
1.462000E+02    6.110605E+01
1.463000E+02    6.111654E+01
1.464000E+02    6.112701E+01
1.465000E+02    6.113749E+01
1.466000E+02    6.114796E+01
1.467000E+02    6.115844E+01
1.468000E+02    6.116891E+01
1.469000E+02    6.117938E+01
1.470000E+02    6.118984E+01
1.471000E+02    6.120031E+01
1.472000E+02    6.121077E+01
1.473000E+02    6.122123E+01
1.474000E+02    6.123169E+01
1.475000E+02    6.124215E+01
1.476000E+02    6.125260E+01
1.477000E+02    6.126306E+01
1.478000E+02    6.127351E+01
1.479000E+02    6.128396E+01
1.480000E+02    6.129441E+01
1.481000E+02    6.130485E+01
1.482000E+02    6.131530E+01
1.483000E+02    6.132574E+01
1.484000E+02    6.133618E+01
1.485000E+02    6.134662E+01
1.486000E+02    6.135706E+01
1.487000E+02    6.136749E+01
1.488000E+02    6.137793E+01
1.489000E+02    6.138836E+01
1.490000E+02    6.139879E+01
1.491000E+02    6.140922E+01
1.492000E+02    6.141964E+01
1.493000E+02    6.143007E+01
1.494000E+02    6.144049E+01
1.495000E+02    6.145091E+01
1.496000E+02    6.146133E+01
1.497000E+02    6.147174E+01
1.498000E+02    6.148216E+01
1.499000E+02    6.149257E+01
1.500000E+02    6.150298E+01
1.501000E+02    6.151339E+01
1.502000E+02    6.152380E+01
1.503000E+02    6.153421E+01
1.504000E+02    6.154461E+01
1.505000E+02    6.155501E+01
1.506000E+02    6.156541E+01
1.507000E+02    6.157581E+01
1.508000E+02    6.158621E+01
1.509000E+02    6.159660E+01
1.510000E+02    6.160699E+01
1.511000E+02    6.161738E+01
1.512000E+02    6.162777E+01
1.513000E+02    6.163816E+01
1.514000E+02    6.164855E+01
1.515000E+02    6.165893E+01
1.516000E+02    6.166931E+01
1.517000E+02    6.167969E+01
1.518000E+02    6.169007E+01
1.519000E+02    6.170045E+01
1.520000E+02    6.171082E+01
1.521000E+02    6.172119E+01
1.522000E+02    6.173157E+01
1.523000E+02    6.174193E+01
1.524000E+02    6.175230E+01
1.525000E+02    6.176267E+01
1.526000E+02    6.177303E+01
1.527000E+02    6.178339E+01
1.528000E+02    6.179375E+01
1.529000E+02    6.180411E+01
1.530000E+02    6.181447E+01
1.531000E+02    6.182482E+01
1.532000E+02    6.183517E+01
1.533000E+02    6.184553E+01
1.534000E+02    6.185588E+01
1.535000E+02    6.186622E+01
1.536000E+02    6.187657E+01
1.537000E+02    6.188691E+01
1.538000E+02    6.189725E+01
1.539000E+02    6.190759E+01
1.540000E+02    3.450164E+01
1.541000E+02    2.523993E+01
1.542000E+02    1.978741E+01
1.543000E+02    1.603326E+01
1.544000E+02    1.321496E+01
1.545000E+02    1.097437E+01
1.546000E+02    9.116724E+00
1.547000E+02    7.525191E+00
1.548000E+02    6.124429E+00
1.549000E+02    4.862915E+00
1.550000E+02    3.703566E+00
1.551000E+02    2.618364E+00
1.552000E+02    1.585080E+00
1.553000E+02    5.851314E-01
1.554000E+02    -3.979224E-01
1.555000E+02    -1.377019E+00
1.556000E+02    -2.342130E+00
1.557000E+02    -3.277916E+00
1.558000E+02    -4.170046E+00
1.559000E+02    -5.006086E+00
1.560000E+02    -5.776205E+00
1.561000E+02    -6.473598E+00
1.562000E+02    -7.094603E+00
1.563000E+02    -7.638523E+00
1.564000E+02    -8.107228E+00
1.565000E+02    -8.504614E+00
1.566000E+02    -8.836015E+00
1.567000E+02    -9.107642E+00
1.568000E+02    -9.326093E+00
1.569000E+02    -9.497967E+00
1.570000E+02    -9.629577E+00
1.571000E+02    -9.726771E+00
1.572000E+02    -9.794827E+00
1.573000E+02    -9.838405E+00
1.574000E+02    -9.861558E+00
1.575000E+02    -9.867760E+00
1.576000E+02    -9.859952E+00
1.577000E+02    -9.840605E+00
1.578000E+02    -9.811776E+00
1.579000E+02    -9.775163E+00
1.580000E+02    -9.732165E+00
1.581000E+02    -9.683924E+00
1.582000E+02    -9.631367E+00
1.583000E+02    -9.575248E+00
1.584000E+02    -9.516174E+00
1.585000E+02    -9.454630E+00
1.586000E+02    -9.391007E+00
1.587000E+02    -9.325615E+00
1.588000E+02    -9.258698E+00
1.589000E+02    -9.190448E+00
1.590000E+02    -9.121016E+00
1.591000E+02    -9.050519E+00
1.592000E+02    -8.979044E+00
1.593000E+02    -8.906658E+00
1.594000E+02    -8.833411E+00
1.595000E+02    -8.759335E+00
1.596000E+02    -8.684453E+00
1.597000E+02    -8.608779E+00
1.598000E+02    -8.532318E+00
1.599000E+02    -8.455069E+00
1.600000E+02    -8.377027E+00
1.601000E+02    -8.298180E+00
1.602000E+02    -8.218515E+00
1.603000E+02    -8.138014E+00
1.604000E+02    -8.056658E+00
1.605000E+02    -7.974424E+00
1.606000E+02    -7.891286E+00
1.607000E+02    -7.807218E+00
1.608000E+02    -7.722189E+00
1.609000E+02    -7.636168E+00
1.610000E+02    -7.549121E+00
1.611000E+02    -7.461010E+00
1.612000E+02    -7.371798E+00
1.613000E+02    -7.281441E+00
1.614000E+02    -7.189896E+00
1.615000E+02    -7.097114E+00
1.616000E+02    -7.003045E+00
1.617000E+02    -6.907632E+00
1.618000E+02    -6.810818E+00
1.619000E+02    -6.712538E+00
1.620000E+02    -6.612725E+00
1.621000E+02    -6.511304E+00
1.622000E+02    -6.408194E+00
1.623000E+02    -6.303310E+00
1.624000E+02    -6.196556E+00
1.625000E+02    -6.087828E+00
1.626000E+02    -5.977012E+00
1.627000E+02    -5.863985E+00
1.628000E+02    -5.748608E+00
1.629000E+02    -5.630728E+00
1.630000E+02    -5.510175E+00
1.631000E+02    -5.386759E+00
1.632000E+02    -5.260266E+00
1.633000E+02    -5.130455E+00
1.634000E+02    -4.997048E+00
1.635000E+02    -4.859732E+00
1.636000E+02    -4.718142E+00
1.637000E+02    -4.571851E+00
1.638000E+02    -4.420361E+00
1.639000E+02    -4.263074E+00
1.640000E+02    -4.099273E+00
1.641000E+02    -3.928076E+00
1.642000E+02    -3.748385E+00
1.643000E+02    -3.558801E+00
1.644000E+02    -3.357493E+00
1.645000E+02    -3.141989E+00
1.646000E+02    -2.908809E+00
1.647000E+02    -2.652780E+00
1.648000E+02    -2.365615E+00
1.649000E+02    -2.032469E+00
1.650000E+02    -1.621455E+00
1.651000E+02    -1.034494E+00
1.652000E+02    7.578998E-01
1.653000E+02    4.118670E-01
1.654000E+02    -4.912987E-01
1.655000E+02    -1.540868E+00
1.656000E+02    -3.017960E+00
1.657000E+02    -5.498489E+00
1.658000E+02    -1.058503E+01
1.659000E+02    -2.451176E+01
1.660000E+02    -8.590173E+01
1.661000E+02    -7.435406E+02
1.662000E+02    -4.487094E+04
1.663000E+02    -1.457328E+08
