0.000000E+00    9.401784E+00  6.694018E+01
1.000000E-01    1.857075E+01  6.879725E+01
2.000000E-01    2.701574E+01  7.149883E+01
3.000000E-01    3.435781E+01  7.493461E+01
4.000000E-01    4.039952E+01  7.897456E+01
5.000000E-01    4.513162E+01  8.348772E+01
6.000000E-01    4.868601E+01  8.835632E+01
7.000000E-01    5.126739E+01  9.348306E+01
8.000000E-01    5.309423E+01  9.879248E+01
9.000000E-01    5.436263E+01  1.042287E+02
1.000000E+00    5.523143E+01  1.097519E+02
1.100000E+00    5.582107E+01  1.153340E+02
1.200000E+00    5.621898E+01  1.209559E+02
1.300000E+00    5.648680E+01  1.266046E+02
1.400000E+00    5.666708E+01  1.322713E+02
1.500000E+00    5.678883E+01  1.379502E+02
1.600000E+00    5.687162E+01  1.436373E+02
1.700000E+00    5.692856E+01  1.493302E+02
1.800000E+00    5.696841E+01  1.550270E+02
1.900000E+00    5.699698E+01  1.607267E+02
2.000000E+00    5.701812E+01  1.664285E+02
2.100000E+00    5.703437E+01  1.721320E+02
2.200000E+00    5.704741E+01  1.778367E+02
2.300000E+00    5.705834E+01  1.835425E+02
2.400000E+00    5.706790E+01  1.892493E+02
2.500000E+00    5.707656E+01  1.949570E+02
2.600000E+00    5.708463E+01  2.006655E+02
2.700000E+00    5.709232E+01  2.063747E+02
2.800000E+00    5.709976E+01  2.120847E+02
2.900000E+00    5.710704E+01  2.177954E+02
3.000000E+00    5.711421E+01  2.235068E+02
3.100000E+00    5.712131E+01  2.292189E+02
3.200000E+00    5.712837E+01  2.349318E+02
3.300000E+00    5.713539E+01  2.406453E+02
3.400000E+00    5.714240E+01  2.463595E+02
3.500000E+00    5.714940E+01  2.520745E+02
3.600000E+00    5.715638E+01  2.577901E+02
3.700000E+00    5.716337E+01  2.635065E+02
3.800000E+00    5.717034E+01  2.692235E+02
3.900000E+00    5.717732E+01  2.749412E+02
4.000000E+00    5.718429E+01  2.806596E+02
4.100000E+00    5.719126E+01  2.863788E+02
4.200000E+00    5.719823E+01  2.920986E+02
4.300000E+00    5.720520E+01  2.978191E+02
4.400000E+00    5.721216E+01  3.035403E+02
4.500000E+00    5.721913E+01  3.092622E+02
4.600000E+00    5.722610E+01  3.149849E+02
4.700000E+00    5.723306E+01  3.207082E+02
4.800000E+00    5.724002E+01  3.264322E+02
4.900000E+00    5.724698E+01  3.321569E+02
5.000000E+00    5.725395E+01  3.378823E+02
5.100000E+00    5.726091E+01  3.436083E+02
5.200000E+00    5.726786E+01  3.493351E+02
5.300000E+00    5.727482E+01  3.550626E+02
5.400000E+00    5.728178E+01  3.607908E+02
5.500000E+00    5.728874E+01  3.665197E+02
5.600000E+00    5.729569E+01  3.722492E+02
5.700000E+00    5.730265E+01  3.779795E+02
5.800000E+00    5.730960E+01  3.837105E+02
5.900000E+00    5.731656E+01  3.894421E+02
6.000000E+00    5.732351E+01  3.951745E+02
6.100000E+00    5.733046E+01  4.009075E+02
6.200000E+00    5.733741E+01  4.066413E+02
6.300000E+00    5.734436E+01  4.123757E+02
6.400000E+00    5.735131E+01  4.181108E+02
6.500000E+00    5.735826E+01  4.238466E+02
6.600000E+00    5.736520E+01  4.295832E+02
6.700000E+00    5.737215E+01  4.353204E+02
6.800000E+00    5.737910E+01  4.410583E+02
6.900000E+00    5.738604E+01  4.467969E+02
7.000000E+00    5.739298E+01  4.525362E+02
7.100000E+00    5.739993E+01  4.582762E+02
7.200000E+00    5.740687E+01  4.640169E+02
7.300000E+00    5.741381E+01  4.697583E+02
7.400000E+00    5.742075E+01  4.755003E+02
7.500000E+00    5.742769E+01  4.812431E+02
7.600000E+00    5.743463E+01  4.869866E+02
7.700000E+00    5.744156E+01  4.927307E+02
7.800000E+00    5.744850E+01  4.984756E+02
7.900000E+00    5.745544E+01  5.042211E+02
8.000000E+00    5.746237E+01  5.099673E+02
8.100000E+00    5.746930E+01  5.157143E+02
8.200000E+00    5.747624E+01  5.214619E+02
8.300000E+00    5.748317E+01  5.272102E+02
8.400000E+00    5.749010E+01  5.329592E+02
8.500000E+00    5.749703E+01  5.387089E+02
8.600000E+00    5.750396E+01  5.444593E+02
8.700000E+00    5.751089E+01  5.502104E+02
8.800000E+00    5.751782E+01  5.559622E+02
8.900000E+00    5.752474E+01  5.617147E+02
9.000000E+00    5.753167E+01  5.674678E+02
9.100000E+00    5.753860E+01  5.732217E+02
9.200000E+00    5.754552E+01  5.789763E+02
9.300000E+00    5.755244E+01  5.847315E+02
9.400000E+00    5.755937E+01  5.904874E+02
9.500000E+00    5.756629E+01  5.962441E+02
9.600000E+00    5.757321E+01  6.020014E+02
9.700000E+00    5.758013E+01  6.077594E+02
9.800000E+00    5.758705E+01  6.135181E+02
9.900000E+00    5.759397E+01  6.192775E+02
1.000000E+01    5.760088E+01  6.250376E+02
1.010000E+01    5.760780E+01  6.307984E+02
1.020000E+01    5.761472E+01  6.365598E+02
1.030000E+01    5.762163E+01  6.423220E+02
1.040000E+01    5.762854E+01  6.480849E+02
1.050000E+01    5.763546E+01  6.538484E+02
1.060000E+01    5.764237E+01  6.596126E+02
1.070000E+01    5.764928E+01  6.653776E+02
1.080000E+01    5.765619E+01  6.711432E+02
1.090000E+01    5.766310E+01  6.769095E+02
1.100000E+01    5.767001E+01  6.826765E+02
1.110000E+01    5.767692E+01  6.884442E+02
1.120000E+01    5.768382E+01  6.942126E+02
1.130000E+01    5.769073E+01  6.999816E+02
1.140000E+01    5.769764E+01  7.057514E+02
1.150000E+01    5.770454E+01  7.115219E+02
1.160000E+01    5.771144E+01  7.172930E+02
1.170000E+01    5.771835E+01  7.230648E+02
1.180000E+01    5.772525E+01  7.288374E+02
1.190000E+01    5.773215E+01  7.346106E+02
1.200000E+01    5.773905E+01  7.403845E+02
1.210000E+01    5.774595E+01  7.461591E+02
1.220000E+01    5.775285E+01  7.519344E+02
1.230000E+01    5.775974E+01  7.577103E+02
1.240000E+01    5.776664E+01  7.634870E+02
1.250000E+01    5.777354E+01  7.692644E+02
1.260000E+01    5.778043E+01  7.750424E+02
1.270000E+01    5.778733E+01  7.808211E+02
1.280000E+01    5.779422E+01  7.866006E+02
1.290000E+01    5.780111E+01  7.923807E+02
1.300000E+01    5.780800E+01  7.981615E+02
1.310000E+01    5.781489E+01  8.039430E+02
1.320000E+01    5.782178E+01  8.097251E+02
1.330000E+01    5.782867E+01  8.155080E+02
1.340000E+01    5.783556E+01  8.212916E+02
1.350000E+01    5.784245E+01  8.270758E+02
1.360000E+01    5.784933E+01  8.328607E+02
1.370000E+01    5.785622E+01  8.386464E+02
1.380000E+01    5.786310E+01  8.444327E+02
1.390000E+01    5.786999E+01  8.502197E+02
1.400000E+01    5.787687E+01  8.560074E+02
1.410000E+01    5.788375E+01  8.617957E+02
1.420000E+01    5.789063E+01  8.675848E+02
1.430000E+01    5.789751E+01  8.733745E+02
1.440000E+01    5.790439E+01  8.791650E+02
1.450000E+01    5.791127E+01  8.849561E+02
1.460000E+01    5.791815E+01  8.907479E+02
1.470000E+01    5.792503E+01  8.965404E+02
1.480000E+01    5.793190E+01  9.023336E+02
1.490000E+01    5.793878E+01  9.081275E+02
1.500000E+01    5.794565E+01  9.139221E+02
1.510000E+01    5.795253E+01  9.197173E+02
1.520000E+01    5.795940E+01  9.255133E+02
1.530000E+01    5.796627E+01  9.313099E+02
1.540000E+01    5.797314E+01  9.371072E+02
1.550000E+01    5.798001E+01  9.429052E+02
1.560000E+01    5.798688E+01  9.487039E+02
1.570000E+01    5.799375E+01  9.545033E+02
1.580000E+01    5.800062E+01  9.603033E+02
1.590000E+01    5.800749E+01  9.661041E+02
1.600000E+01    5.801435E+01  9.719055E+02
1.610000E+01    5.802122E+01  9.777076E+02
1.620000E+01    5.802808E+01  9.835104E+02
1.630000E+01    5.803494E+01  9.893139E+02
1.640000E+01    5.804181E+01  9.951181E+02
1.650000E+01    5.804867E+01  1.000923E+03
1.660000E+01    5.805553E+01  1.006729E+03
1.670000E+01    5.806239E+01  1.012535E+03
1.680000E+01    5.806925E+01  1.018342E+03
1.690000E+01    5.807611E+01  1.024149E+03
1.700000E+01    5.808296E+01  1.029958E+03
1.710000E+01    5.808982E+01  1.035767E+03
1.720000E+01    5.809668E+01  1.041576E+03
1.730000E+01    5.810353E+01  1.047387E+03
1.740000E+01    5.811038E+01  1.053198E+03
1.750000E+01    5.811724E+01  1.059009E+03
1.760000E+01    5.812409E+01  1.064822E+03
1.770000E+01    5.813094E+01  1.070635E+03
1.780000E+01    5.813779E+01  1.076449E+03
1.790000E+01    5.814464E+01  1.082263E+03
1.800000E+01    5.815149E+01  1.088078E+03
1.810000E+01    5.815834E+01  1.093894E+03
1.820000E+01    5.816519E+01  1.099711E+03
1.830000E+01    5.817203E+01  1.105528E+03
1.840000E+01    5.817888E+01  1.111346E+03
1.850000E+01    5.818572E+01  1.117164E+03
1.860000E+01    5.819257E+01  1.122984E+03
1.870000E+01    5.819941E+01  1.128803E+03
1.880000E+01    5.820625E+01  1.134624E+03
1.890000E+01    5.821309E+01  1.140445E+03
1.900000E+01    5.821993E+01  1.146267E+03
1.910000E+01    5.822677E+01  1.152090E+03
1.920000E+01    5.823361E+01  1.157913E+03
1.930000E+01    5.824045E+01  1.163737E+03
1.940000E+01    5.824729E+01  1.169562E+03
1.950000E+01    5.825413E+01  1.175388E+03
1.960000E+01    5.826096E+01  1.181214E+03
1.970000E+01    5.826780E+01  1.187041E+03
1.980000E+01    5.827463E+01  1.192868E+03
1.990000E+01    5.828146E+01  1.198696E+03
2.000000E+01    5.828829E+01  1.204525E+03
2.010000E+01    5.829513E+01  1.210354E+03
2.020000E+01    5.830196E+01  1.216185E+03
2.030000E+01    5.830879E+01  1.222016E+03
2.040000E+01    5.831561E+01  1.227847E+03
2.050000E+01    5.832244E+01  1.233679E+03
2.060000E+01    5.832927E+01  1.239512E+03
2.070000E+01    5.833610E+01  1.245346E+03
2.080000E+01    5.834292E+01  1.251180E+03
2.090000E+01    5.834975E+01  1.257015E+03
2.100000E+01    5.835657E+01  1.262851E+03
2.110000E+01    5.836339E+01  1.268687E+03
2.120000E+01    5.837022E+01  1.274524E+03
2.130000E+01    5.837704E+01  1.280362E+03
2.140000E+01    5.838386E+01  1.286200E+03
2.150000E+01    5.839068E+01  1.292039E+03
2.160000E+01    5.839750E+01  1.297879E+03
2.170000E+01    5.840431E+01  1.303719E+03
2.180000E+01    5.841113E+01  1.309561E+03
2.190000E+01    5.841795E+01  1.315402E+03
2.200000E+01    5.842476E+01  1.321245E+03
2.210000E+01    5.843158E+01  1.327088E+03
2.220000E+01    5.843839E+01  1.332932E+03
2.230000E+01    5.844520E+01  1.338776E+03
2.240000E+01    5.845202E+01  1.344622E+03
2.250000E+01    5.845883E+01  1.350467E+03
2.260000E+01    5.846564E+01  1.356314E+03
2.270000E+01    5.847245E+01  1.362161E+03
2.280000E+01    5.847926E+01  1.368009E+03
2.290000E+01    5.848607E+01  1.373858E+03
2.300000E+01    5.849287E+01  1.379707E+03
2.310000E+01    5.849968E+01  1.385557E+03
2.320000E+01    5.850648E+01  1.391408E+03
2.330000E+01    5.851329E+01  1.397259E+03
2.340000E+01    5.852009E+01  1.403111E+03
2.350000E+01    5.852690E+01  1.408964E+03
2.360000E+01    5.853370E+01  1.414817E+03
2.370000E+01    5.854050E+01  1.420671E+03
2.380000E+01    5.854730E+01  1.426526E+03
2.390000E+01    5.855410E+01  1.432381E+03
2.400000E+01    5.856090E+01  1.438237E+03
2.410000E+01    5.856770E+01  1.444094E+03
2.420000E+01    5.857449E+01  1.449952E+03
2.430000E+01    5.858129E+01  1.455810E+03
2.440000E+01    5.858809E+01  1.461669E+03
2.450000E+01    5.859488E+01  1.467528E+03
2.460000E+01    5.860168E+01  1.473388E+03
2.470000E+01    5.860847E+01  1.479249E+03
2.480000E+01    3.406508E+01  1.482656E+03
2.490000E+01    2.512307E+01  1.485168E+03
2.500000E+01    1.981137E+01  1.487149E+03
2.510000E+01    1.613681E+01  1.488763E+03
2.520000E+01    1.336831E+01  1.490100E+03
2.530000E+01    1.116010E+01  1.491216E+03
2.540000E+01    9.323409E+00  1.492148E+03
2.550000E+01    7.744776E+00  1.492922E+03
2.560000E+01    6.350959E+00  1.493557E+03
2.570000E+01    5.091904E+00  1.494067E+03
2.580000E+01    3.931671E+00  1.494460E+03
2.590000E+01    2.843251E+00  1.494744E+03
2.600000E+01    1.805409E+00  1.494925E+03
2.610000E+01    8.006608E-01  1.495005E+03
2.620000E+01    -1.861273E-01  1.494986E+03
2.630000E+01    -1.168281E+00  1.494869E+03
2.640000E+01    -2.141310E+00  1.494655E+03
2.650000E+01    -3.092250E+00  1.494346E+03
2.660000E+01    -4.009054E+00  1.493945E+03
2.670000E+01    -4.881200E+00  1.493457E+03
2.680000E+01    -5.700164E+00  1.492887E+03
2.690000E+01    -6.459688E+00  1.492241E+03
2.700000E+01    -7.155862E+00  1.491525E+03
2.710000E+01    -7.787020E+00  1.490747E+03
2.720000E+01    -8.353487E+00  1.489911E+03
2.730000E+01    -8.857240E+00  1.489026E+03
2.740000E+01    -9.301524E+00  1.488095E+03
2.750000E+01    -9.690472E+00  1.487126E+03
2.760000E+01    -1.002875E+01  1.486123E+03
2.770000E+01    -1.032128E+01  1.485091E+03
2.780000E+01    -1.057297E+01  1.484034E+03
2.790000E+01    -1.078859E+01  1.482955E+03
2.800000E+01    -1.097262E+01  1.481858E+03
2.810000E+01    -1.112918E+01  1.480745E+03
2.820000E+01    -1.126200E+01  1.479619E+03
2.830000E+01    -1.137443E+01  1.478481E+03
2.840000E+01    -1.146940E+01  1.477334E+03
2.850000E+01    -1.154949E+01  1.476179E+03
2.860000E+01    -1.161693E+01  1.475018E+03
2.870000E+01    -1.167366E+01  1.473850E+03
2.880000E+01    -1.172133E+01  1.472678E+03
2.890000E+01    -1.176134E+01  1.471502E+03
2.900000E+01    -1.179492E+01  1.470323E+03
2.910000E+01    -1.182306E+01  1.469140E+03
2.920000E+01    -1.184665E+01  1.467956E+03
2.930000E+01    -1.186641E+01  1.466769E+03
2.940000E+01    -1.188296E+01  1.465581E+03
2.950000E+01    -1.189681E+01  1.464391E+03
2.960000E+01    -1.190840E+01  1.463200E+03
2.970000E+01    -1.191810E+01  1.462008E+03
2.980000E+01    -1.192621E+01  1.460816E+03
2.990000E+01    -1.193300E+01  1.459623E+03
3.000000E+01    -1.193868E+01  1.458429E+03
3.010000E+01    -1.194342E+01  1.457234E+03
3.020000E+01    -1.194739E+01  1.456040E+03
3.030000E+01    -1.195071E+01  1.454845E+03
3.040000E+01    -1.195349E+01  1.453649E+03
3.050000E+01    -1.195581E+01  1.452454E+03
3.060000E+01    -1.195775E+01  1.451258E+03
3.070000E+01    -1.195938E+01  1.450062E+03
3.080000E+01    -1.196073E+01  1.448866E+03
3.090000E+01    -1.196187E+01  1.447670E+03
3.100000E+01    -1.196282E+01  1.446473E+03
3.110000E+01    -1.196361E+01  1.445277E+03
3.120000E+01    -1.196428E+01  1.444081E+03
3.130000E+01    -1.196483E+01  1.442884E+03
3.140000E+01    -1.196529E+01  1.441688E+03
3.150000E+01    -1.196568E+01  1.440491E+03
3.160000E+01    -1.196601E+01  1.439294E+03
3.170000E+01    -1.196628E+01  1.438098E+03
3.180000E+01    -1.196651E+01  1.436901E+03
3.190000E+01    -1.196670E+01  1.435704E+03
3.200000E+01    -1.196686E+01  1.434508E+03
3.210000E+01    -1.196699E+01  1.433311E+03
3.220000E+01    -1.196711E+01  1.432114E+03
3.230000E+01    -1.196720E+01  1.430918E+03
3.240000E+01    -1.196728E+01  1.429721E+03
3.250000E+01    -1.196735E+01  1.428524E+03
3.260000E+01    -1.196740E+01  1.427327E+03
3.270000E+01    -1.196745E+01  1.426131E+03
3.280000E+01    -1.196749E+01  1.424934E+03
3.290000E+01    -1.196752E+01  1.423737E+03
3.300000E+01    -1.196755E+01  1.422540E+03
3.310000E+01    -1.196757E+01  1.421344E+03
3.320000E+01    -1.196760E+01  1.420147E+03
3.330000E+01    -1.196761E+01  1.418950E+03
3.340000E+01    -1.196763E+01  1.417753E+03
3.350000E+01    -1.196764E+01  1.416557E+03
3.360000E+01    -1.196765E+01  1.415360E+03
3.370000E+01    -1.196766E+01  1.414163E+03
3.380000E+01    -1.196767E+01  1.412966E+03
3.390000E+01    -1.196768E+01  1.411770E+03
3.400000E+01    -1.196768E+01  1.410573E+03
3.410000E+01    -1.196769E+01  1.409376E+03
3.420000E+01    -1.196769E+01  1.408179E+03
3.430000E+01    -1.196770E+01  1.406982E+03
3.440000E+01    -1.196770E+01  1.405786E+03
3.450000E+01    -1.196771E+01  1.404589E+03
3.460000E+01    -1.196771E+01  1.403392E+03
3.470000E+01    -1.196771E+01  1.402195E+03
3.480000E+01    -1.196772E+01  1.400999E+03
3.490000E+01    -1.196772E+01  1.399802E+03
3.500000E+01    -1.196772E+01  1.398605E+03
3.510000E+01    -1.196773E+01  1.397408E+03
3.520000E+01    -1.196773E+01  1.396211E+03
3.530000E+01    -1.196773E+01  1.395015E+03
3.540000E+01    -1.196773E+01  1.393818E+03
3.550000E+01    -1.196774E+01  1.392621E+03
3.560000E+01    -1.196774E+01  1.391424E+03
3.570000E+01    -1.196774E+01  1.390228E+03
3.580000E+01    -1.196774E+01  1.389031E+03
3.590000E+01    -1.196775E+01  1.387834E+03
3.600000E+01    -1.196775E+01  1.386637E+03
3.610000E+01    -1.196775E+01  1.385441E+03
3.620000E+01    -1.196775E+01  1.384244E+03
3.630000E+01    -1.196776E+01  1.383047E+03
3.640000E+01    -1.196776E+01  1.381850E+03
3.650000E+01    -1.196776E+01  1.380653E+03
3.660000E+01    -1.196776E+01  1.379457E+03
3.670000E+01    -1.196777E+01  1.378260E+03
3.680000E+01    -1.196777E+01  1.377063E+03
3.690000E+01    -1.196777E+01  1.375866E+03
3.700000E+01    -1.196777E+01  1.374670E+03
3.710000E+01    -1.196777E+01  1.373473E+03
3.720000E+01    -1.196778E+01  1.372276E+03
3.730000E+01    -1.196778E+01  1.371079E+03
3.740000E+01    -1.196778E+01  1.369882E+03
3.750000E+01    -1.196778E+01  1.368686E+03
3.760000E+01    -1.196779E+01  1.367489E+03
3.770000E+01    -1.196779E+01  1.366292E+03
3.780000E+01    -1.196779E+01  1.365095E+03
3.790000E+01    -1.196779E+01  1.363899E+03
3.800000E+01    -1.196779E+01  1.362702E+03
3.810000E+01    -1.196780E+01  1.361505E+03
3.820000E+01    -1.196780E+01  1.360308E+03
3.830000E+01    -1.196780E+01  1.359111E+03
3.840000E+01    -1.196780E+01  1.357915E+03
3.850000E+01    -1.196781E+01  1.356718E+03
3.860000E+01    -1.196781E+01  1.355521E+03
3.870000E+01    -1.196781E+01  1.354324E+03
3.880000E+01    -1.196781E+01  1.353128E+03
3.890000E+01    -1.196781E+01  1.351931E+03
3.900000E+01    -1.196782E+01  1.350734E+03
3.910000E+01    -1.196782E+01  1.349537E+03
3.920000E+01    -1.196782E+01  1.348340E+03
3.930000E+01    -1.196782E+01  1.347144E+03
3.940000E+01    -1.196783E+01  1.345947E+03
3.950000E+01    -1.196783E+01  1.344750E+03
3.960000E+01    -1.196783E+01  1.343553E+03
3.970000E+01    -1.196783E+01  1.342356E+03
3.980000E+01    -1.196783E+01  1.341160E+03
3.990000E+01    -1.196784E+01  1.339963E+03
4.000000E+01    -1.196784E+01  1.338766E+03
4.010000E+01    -1.196784E+01  1.337569E+03
4.020000E+01    -1.196784E+01  1.336373E+03
4.030000E+01    -1.196784E+01  1.335176E+03
4.040000E+01    -1.196785E+01  1.333979E+03
4.050000E+01    -1.196785E+01  1.332782E+03
4.060000E+01    -1.196785E+01  1.331585E+03
4.070000E+01    -1.196785E+01  1.330389E+03
4.080000E+01    -1.196786E+01  1.329192E+03
4.090000E+01    -1.196786E+01  1.327995E+03
4.100000E+01    -1.196786E+01  1.326798E+03
4.110000E+01    -1.196786E+01  1.325601E+03
4.120000E+01    -1.196786E+01  1.324405E+03
4.130000E+01    -1.196787E+01  1.323208E+03
4.140000E+01    -1.196787E+01  1.322011E+03
4.150000E+01    -1.196787E+01  1.320814E+03
4.160000E+01    -1.196787E+01  1.319618E+03
4.170000E+01    -1.196788E+01  1.318421E+03
4.180000E+01    -1.196788E+01  1.317224E+03
4.190000E+01    -1.196788E+01  1.316027E+03
4.200000E+01    -1.196788E+01  1.314830E+03
4.210000E+01    -1.196788E+01  1.313634E+03
4.220000E+01    -1.196789E+01  1.312437E+03
4.230000E+01    -1.196789E+01  1.311240E+03
4.240000E+01    -1.196789E+01  1.310043E+03
4.250000E+01    -1.196789E+01  1.308846E+03
4.260000E+01    -1.196790E+01  1.307650E+03
4.270000E+01    -1.196790E+01  1.306453E+03
4.280000E+01    -1.196790E+01  1.305256E+03
4.290000E+01    -1.196790E+01  1.304059E+03
4.300000E+01    -1.196790E+01  1.302862E+03
4.310000E+01    -1.196791E+01  1.301666E+03
4.320000E+01    -1.196791E+01  1.300469E+03
4.330000E+01    -1.196791E+01  1.299272E+03
4.340000E+01    -1.196791E+01  1.298075E+03
4.350000E+01    -1.196792E+01  1.296879E+03
4.360000E+01    -1.196792E+01  1.295682E+03
4.370000E+01    -1.196792E+01  1.294485E+03
4.380000E+01    -1.196792E+01  1.293288E+03
4.390000E+01    -1.196792E+01  1.292091E+03
4.400000E+01    -1.196793E+01  1.290895E+03
4.410000E+01    -1.196793E+01  1.289698E+03
4.420000E+01    -1.196793E+01  1.288501E+03
4.430000E+01    -1.196793E+01  1.287304E+03
4.440000E+01    -1.196794E+01  1.286107E+03
4.450000E+01    -1.196794E+01  1.284911E+03
4.460000E+01    -1.196794E+01  1.283714E+03
4.470000E+01    -1.196794E+01  1.282517E+03
4.480000E+01    -1.196794E+01  1.281320E+03
4.490000E+01    -1.196795E+01  1.280123E+03
4.500000E+01    -1.196795E+01  1.278927E+03
4.510000E+01    -1.196795E+01  1.277730E+03
4.520000E+01    -1.196795E+01  1.276533E+03
4.530000E+01    -1.196796E+01  1.275336E+03
4.540000E+01    -1.196796E+01  1.274139E+03
4.550000E+01    -1.196796E+01  1.272943E+03
4.560000E+01    -1.196796E+01  1.271746E+03
4.570000E+01    -1.196796E+01  1.270549E+03
4.580000E+01    -1.196797E+01  1.269352E+03
4.590000E+01    -1.196797E+01  1.268155E+03
4.600000E+01    -1.196797E+01  1.266959E+03
4.610000E+01    -1.196797E+01  1.265762E+03
4.620000E+01    -1.196798E+01  1.264565E+03
4.630000E+01    -1.196798E+01  1.263368E+03
4.640000E+01    -1.196798E+01  1.262171E+03
4.650000E+01    -1.196798E+01  1.260975E+03
4.660000E+01    -1.196798E+01  1.259778E+03
4.670000E+01    -1.196799E+01  1.258581E+03
4.680000E+01    -1.196799E+01  1.257384E+03
4.690000E+01    -1.196799E+01  1.256187E+03
4.700000E+01    -1.196799E+01  1.254991E+03
4.710000E+01    -1.196800E+01  1.253794E+03
4.720000E+01    -1.196800E+01  1.252597E+03
4.730000E+01    -1.196800E+01  1.251400E+03
4.740000E+01    -1.196800E+01  1.250203E+03
4.750000E+01    -1.196800E+01  1.249007E+03
4.760000E+01    -1.196801E+01  1.247810E+03
4.770000E+01    -1.196801E+01  1.246613E+03
4.780000E+01    -1.196801E+01  1.245416E+03
4.790000E+01    -1.196801E+01  1.244219E+03
4.800000E+01    -1.196802E+01  1.243023E+03
4.810000E+01    -1.196802E+01  1.241826E+03
4.820000E+01    -1.196802E+01  1.240629E+03
4.830000E+01    -1.196802E+01  1.239432E+03
4.840000E+01    -1.196802E+01  1.238235E+03
4.850000E+01    -1.196803E+01  1.237039E+03
4.860000E+01    -1.196803E+01  1.235842E+03
4.870000E+01    -1.196803E+01  1.234645E+03
4.880000E+01    -1.196803E+01  1.233448E+03
4.890000E+01    -1.196803E+01  1.232251E+03
4.900000E+01    -1.196804E+01  1.231055E+03
4.910000E+01    -1.196804E+01  1.229858E+03
4.920000E+01    -1.196804E+01  1.228661E+03
4.930000E+01    -1.196804E+01  1.227464E+03
4.940000E+01    -1.196805E+01  1.226267E+03
4.950000E+01    -1.196805E+01  1.225071E+03
4.960000E+01    -1.196805E+01  1.223874E+03
4.970000E+01    -1.196805E+01  1.222677E+03
4.980000E+01    -1.196805E+01  1.221480E+03
4.990000E+01    -1.196806E+01  1.220283E+03
5.000000E+01    -1.196806E+01  1.219087E+03
5.010000E+01    -1.196806E+01  1.217890E+03
5.020000E+01    -1.196806E+01  1.216693E+03
5.030000E+01    -1.196807E+01  1.215496E+03
5.040000E+01    -1.196807E+01  1.214299E+03
5.050000E+01    -1.196807E+01  1.213103E+03
5.060000E+01    -1.196807E+01  1.211906E+03
5.070000E+01    -1.196807E+01  1.210709E+03
5.080000E+01    -1.196808E+01  1.209512E+03
5.090000E+01    -1.196808E+01  1.208315E+03
5.100000E+01    -1.196808E+01  1.207119E+03
5.110000E+01    -1.196808E+01  1.205922E+03
5.120000E+01    -1.196809E+01  1.204725E+03
5.130000E+01    -1.196809E+01  1.203528E+03
5.140000E+01    -1.196809E+01  1.202331E+03
5.150000E+01    -1.196809E+01  1.201134E+03
5.160000E+01    -1.196809E+01  1.199938E+03
5.170000E+01    -1.196810E+01  1.198741E+03
5.180000E+01    -1.196810E+01  1.197544E+03
5.190000E+01    -1.196810E+01  1.196347E+03
5.200000E+01    -1.196810E+01  1.195150E+03
5.210000E+01    -1.196811E+01  1.193954E+03
5.220000E+01    -1.196811E+01  1.192757E+03
5.230000E+01    -1.196811E+01  1.191560E+03
5.240000E+01    -1.196811E+01  1.190363E+03
5.250000E+01    -1.196811E+01  1.189166E+03
5.260000E+01    -1.196812E+01  1.187970E+03
5.270000E+01    -1.196812E+01  1.186773E+03
5.280000E+01    -1.196812E+01  1.185576E+03
5.290000E+01    -1.196812E+01  1.184379E+03
5.300000E+01    -1.196813E+01  1.183182E+03
5.310000E+01    -1.196813E+01  1.181986E+03
5.320000E+01    -1.196813E+01  1.180789E+03
5.330000E+01    -1.196813E+01  1.179592E+03
5.340000E+01    -1.196813E+01  1.178395E+03
5.350000E+01    -1.196814E+01  1.177198E+03
5.360000E+01    -1.196814E+01  1.176001E+03
5.370000E+01    -1.196814E+01  1.174805E+03
5.380000E+01    -1.196814E+01  1.173608E+03
5.390000E+01    -1.196815E+01  1.172411E+03
5.400000E+01    -1.196815E+01  1.171214E+03
5.410000E+01    -1.196815E+01  1.170017E+03
5.420000E+01    -1.196815E+01  1.168821E+03
5.430000E+01    -1.196815E+01  1.167624E+03
5.440000E+01    -1.196816E+01  1.166427E+03
5.450000E+01    -1.196816E+01  1.165230E+03
5.460000E+01    -1.196816E+01  1.164033E+03
5.470000E+01    -1.196816E+01  1.162836E+03
5.480000E+01    -1.196817E+01  1.161640E+03
5.490000E+01    -1.196817E+01  1.160443E+03
5.500000E+01    -1.196817E+01  1.159246E+03
5.510000E+01    -1.196817E+01  1.158049E+03
5.520000E+01    -1.196817E+01  1.156852E+03
5.530000E+01    -1.196818E+01  1.155656E+03
5.540000E+01    -1.196818E+01  1.154459E+03
5.550000E+01    -1.196818E+01  1.153262E+03
5.560000E+01    -1.196818E+01  1.152065E+03
5.570000E+01    -1.196819E+01  1.150868E+03
5.580000E+01    -1.196819E+01  1.149671E+03
5.590000E+01    -1.196819E+01  1.148475E+03
5.600000E+01    -1.196819E+01  1.147278E+03
5.610000E+01    -1.196819E+01  1.146081E+03
5.620000E+01    -1.196820E+01  1.144884E+03
5.630000E+01    -1.196820E+01  1.143687E+03
5.640000E+01    -1.196820E+01  1.142491E+03
5.650000E+01    -1.196820E+01  1.141294E+03
5.660000E+01    -1.196820E+01  1.140097E+03
5.670000E+01    -1.196821E+01  1.138900E+03
5.680000E+01    -1.196821E+01  1.137703E+03
5.690000E+01    -1.196821E+01  1.136506E+03
5.700000E+01    -1.196821E+01  1.135310E+03
5.710000E+01    -1.196822E+01  1.134113E+03
5.720000E+01    -1.196822E+01  1.132916E+03
5.730000E+01    -1.196822E+01  1.131719E+03
5.740000E+01    -1.196822E+01  1.130522E+03
5.750000E+01    -1.196822E+01  1.129326E+03
5.760000E+01    -1.196823E+01  1.128129E+03
5.770000E+01    -1.196823E+01  1.126932E+03
5.780000E+01    -1.196823E+01  1.125735E+03
5.790000E+01    -1.196823E+01  1.124538E+03
5.800000E+01    -1.196824E+01  1.123341E+03
5.810000E+01    -1.196824E+01  1.122145E+03
5.820000E+01    -1.196824E+01  1.120948E+03
5.830000E+01    -1.196824E+01  1.119751E+03
5.840000E+01    -1.196824E+01  1.118554E+03
5.850000E+01    -1.196825E+01  1.117357E+03
5.860000E+01    -1.196825E+01  1.116160E+03
5.870000E+01    -1.196825E+01  1.114964E+03
5.880000E+01    -1.196825E+01  1.113767E+03
5.890000E+01    -1.196826E+01  1.112570E+03
5.900000E+01    -1.196826E+01  1.111373E+03
5.910000E+01    -1.196826E+01  1.110176E+03
5.920000E+01    -1.196826E+01  1.108980E+03
5.930000E+01    -1.196826E+01  1.107783E+03
5.940000E+01    -1.196827E+01  1.106586E+03
5.950000E+01    -1.196827E+01  1.105389E+03
5.960000E+01    -1.196827E+01  1.104192E+03
5.970000E+01    -1.196827E+01  1.102995E+03
5.980000E+01    -1.196828E+01  1.101799E+03
5.990000E+01    -1.196828E+01  1.100602E+03
6.000000E+01    -1.196828E+01  1.099405E+03
6.010000E+01    -1.196828E+01  1.098208E+03
6.020000E+01    -1.196828E+01  1.097011E+03
6.030000E+01    -1.196829E+01  1.095814E+03
6.040000E+01    -1.196829E+01  1.094618E+03
6.050000E+01    -1.196829E+01  1.093421E+03
6.060000E+01    -1.196829E+01  1.092224E+03
6.070000E+01    -1.196830E+01  1.091027E+03
6.080000E+01    -1.196830E+01  1.089830E+03
6.090000E+01    -1.196830E+01  1.088633E+03
6.100000E+01    -1.196830E+01  1.087437E+03
6.110000E+01    -1.196830E+01  1.086240E+03
6.120000E+01    -1.196831E+01  1.085043E+03
6.130000E+01    -1.196831E+01  1.083846E+03
6.140000E+01    -1.196831E+01  1.082649E+03
6.150000E+01    -1.196831E+01  1.081452E+03
6.160000E+01    -1.196832E+01  1.080256E+03
6.170000E+01    -1.196832E+01  1.079059E+03
6.180000E+01    -1.196832E+01  1.077862E+03
6.190000E+01    -1.196832E+01  1.076665E+03
6.200000E+01    -1.196832E+01  1.075468E+03
6.210000E+01    -1.196833E+01  1.074271E+03
6.220000E+01    -1.196833E+01  1.073075E+03
6.230000E+01    -1.196833E+01  1.071878E+03
6.240000E+01    -1.196833E+01  1.070681E+03
6.250000E+01    -1.196834E+01  1.069484E+03
6.260000E+01    -1.196834E+01  1.068287E+03
6.270000E+01    -1.196834E+01  1.067090E+03
6.280000E+01    -1.196834E+01  1.065894E+03
6.290000E+01    -1.196834E+01  1.064697E+03
6.300000E+01    -1.196835E+01  1.063500E+03
6.310000E+01    -1.196835E+01  1.062303E+03
6.320000E+01    -1.196835E+01  1.061106E+03
6.330000E+01    -1.196835E+01  1.059909E+03
6.340000E+01    -1.196836E+01  1.058713E+03
6.350000E+01    -1.196836E+01  1.057516E+03
6.360000E+01    -1.196836E+01  1.056319E+03
6.370000E+01    -1.196836E+01  1.055122E+03
6.380000E+01    -1.196836E+01  1.053925E+03
6.390000E+01    -1.196837E+01  1.052728E+03
6.400000E+01    -1.196837E+01  1.051532E+03
6.410000E+01    -1.196837E+01  1.050335E+03
6.420000E+01    -1.196837E+01  1.049138E+03
6.430000E+01    -1.196838E+01  1.047941E+03
6.440000E+01    -1.196838E+01  1.046744E+03
6.450000E+01    -1.196838E+01  1.045547E+03
6.460000E+01    -1.196838E+01  1.044351E+03
6.470000E+01    -1.196838E+01  1.043154E+03
6.480000E+01    -1.196839E+01  1.041957E+03
6.490000E+01    -1.196839E+01  1.040760E+03
6.500000E+01    -1.196839E+01  1.039563E+03
6.510000E+01    -1.196839E+01  1.038366E+03
6.520000E+01    -1.196839E+01  1.037170E+03
6.530000E+01    -1.196840E+01  1.035973E+03
6.540000E+01    -1.196840E+01  1.034776E+03
6.550000E+01    -1.196840E+01  1.033579E+03
6.560000E+01    -1.196840E+01  1.032382E+03
6.570000E+01    -1.196841E+01  1.031185E+03
6.580000E+01    -1.196841E+01  1.029989E+03
6.590000E+01    -1.196841E+01  1.028792E+03
6.600000E+01    -1.196841E+01  1.027595E+03
6.610000E+01    -1.196841E+01  1.026398E+03
6.620000E+01    -1.196842E+01  1.025201E+03
6.630000E+01    -1.196842E+01  1.024004E+03
6.640000E+01    -1.196842E+01  1.022807E+03
6.650000E+01    -1.196842E+01  1.021611E+03
6.660000E+01    -1.196843E+01  1.020414E+03
6.670000E+01    -1.196843E+01  1.019217E+03
6.680000E+01    -1.196843E+01  1.018020E+03
6.690000E+01    -1.196843E+01  1.016823E+03
6.700000E+01    -1.196843E+01  1.015626E+03
6.710000E+01    -1.196844E+01  1.014430E+03
6.720000E+01    -1.196844E+01  1.013233E+03
6.730000E+01    -1.196844E+01  1.012036E+03
6.740000E+01    -1.196844E+01  1.010839E+03
6.750000E+01    -1.196845E+01  1.009642E+03
6.760000E+01    -1.196845E+01  1.008445E+03
6.770000E+01    -1.196845E+01  1.007248E+03
6.780000E+01    -1.196845E+01  1.006052E+03
6.790000E+01    -1.196845E+01  1.004855E+03
6.800000E+01    -1.196846E+01  1.003658E+03
6.810000E+01    -1.196846E+01  1.002461E+03
6.820000E+01    -1.196846E+01  1.001264E+03
6.830000E+01    -1.196846E+01  1.000067E+03
6.840000E+01    -1.196847E+01  9.988706E+02
6.850000E+01    -1.196847E+01  9.976737E+02
6.860000E+01    -1.196847E+01  9.964769E+02
6.870000E+01    -1.196847E+01  9.952800E+02
6.880000E+01    -1.196847E+01  9.940832E+02
6.890000E+01    -1.196848E+01  9.928863E+02
6.900000E+01    -1.196848E+01  9.916895E+02
6.910000E+01    -1.196848E+01  9.904926E+02
6.920000E+01    -1.196848E+01  9.892958E+02
6.930000E+01    -1.196849E+01  9.880989E+02
6.940000E+01    -1.196849E+01  9.869021E+02
6.950000E+01    -1.196849E+01  9.857052E+02
6.960000E+01    -1.196849E+01  9.845084E+02
6.970000E+01    -1.196849E+01  9.833115E+02
6.980000E+01    -1.196850E+01  9.821147E+02
6.990000E+01    -1.196850E+01  9.809178E+02
7.000000E+01    -1.196850E+01  9.797210E+02
7.010000E+01    -1.196850E+01  9.785241E+02
7.020000E+01    -1.196851E+01  9.773273E+02
7.030000E+01    -1.196851E+01  9.761304E+02
7.040000E+01    -1.196851E+01  9.749336E+02
7.050000E+01    -1.196851E+01  9.737367E+02
7.060000E+01    -1.196851E+01  9.725399E+02
7.070000E+01    -1.196852E+01  9.713430E+02
7.080000E+01    -1.196852E+01  9.701462E+02
7.090000E+01    -1.196852E+01  9.689493E+02
7.100000E+01    -1.196852E+01  9.677525E+02
7.110000E+01    -1.196853E+01  9.665556E+02
7.120000E+01    -1.196853E+01  9.653588E+02
7.130000E+01    -1.196853E+01  9.641619E+02
7.140000E+01    -1.196853E+01  9.629651E+02
7.150000E+01    -1.196853E+01  9.617682E+02
7.160000E+01    -1.196854E+01  9.605714E+02
7.170000E+01    -1.196854E+01  9.593745E+02
7.180000E+01    -1.196854E+01  9.581776E+02
7.190000E+01    -1.196854E+01  9.569808E+02
7.200000E+01    -1.196855E+01  9.557839E+02
7.210000E+01    -1.196855E+01  9.545871E+02
7.220000E+01    -1.196855E+01  9.533902E+02
7.230000E+01    -1.196855E+01  9.521934E+02
7.240000E+01    -1.196855E+01  9.509965E+02
7.250000E+01    -1.196856E+01  9.497997E+02
7.260000E+01    -1.196856E+01  9.486028E+02
7.270000E+01    -1.196856E+01  9.474060E+02
7.280000E+01    -1.196856E+01  9.462091E+02
7.290000E+01    -1.196856E+01  9.450122E+02
7.300000E+01    -1.196857E+01  9.438154E+02
7.310000E+01    -1.196857E+01  9.426185E+02
7.320000E+01    -1.196857E+01  9.414217E+02
7.330000E+01    -1.196857E+01  9.402248E+02
7.340000E+01    -1.196858E+01  9.390280E+02
7.350000E+01    -1.196858E+01  9.378311E+02
7.360000E+01    -1.196858E+01  9.366342E+02
7.370000E+01    -1.196858E+01  9.354374E+02
7.380000E+01    -1.196858E+01  9.342405E+02
7.390000E+01    -1.196859E+01  9.330437E+02
7.400000E+01    -1.196859E+01  9.318468E+02
7.410000E+01    -1.196859E+01  9.306499E+02
7.420000E+01    -1.196859E+01  9.294531E+02
7.430000E+01    -1.196860E+01  9.282562E+02
7.440000E+01    -1.196860E+01  9.270594E+02
7.450000E+01    -1.196860E+01  9.258625E+02
7.460000E+01    -1.196860E+01  9.246656E+02
7.470000E+01    -1.196860E+01  9.234688E+02
7.480000E+01    -1.196861E+01  9.222719E+02
7.490000E+01    -1.196861E+01  9.210751E+02
7.500000E+01    -1.196861E+01  9.198782E+02
7.510000E+01    -1.196861E+01  9.186813E+02
7.520000E+01    -1.196862E+01  9.174845E+02
7.530000E+01    -1.196862E+01  9.162876E+02
7.540000E+01    -1.196862E+01  9.150908E+02
7.550000E+01    -1.196862E+01  9.138939E+02
7.560000E+01    -1.196862E+01  9.126970E+02
7.570000E+01    -1.196863E+01  9.115002E+02
7.580000E+01    -1.196863E+01  9.103033E+02
7.590000E+01    -1.196863E+01  9.091064E+02
7.600000E+01    -1.196863E+01  9.079096E+02
7.610000E+01    -1.196864E+01  9.067127E+02
7.620000E+01    -1.196864E+01  9.055159E+02
7.630000E+01    -1.196864E+01  9.043190E+02
7.640000E+01    -1.196864E+01  9.031221E+02
7.650000E+01    -1.196864E+01  9.019253E+02
7.660000E+01    -1.196865E+01  9.007284E+02
7.670000E+01    -1.196865E+01  8.995315E+02
7.680000E+01    -1.196865E+01  8.983347E+02
7.690000E+01    -1.196865E+01  8.971378E+02
7.700000E+01    -1.196866E+01  8.959409E+02
7.710000E+01    -1.196866E+01  8.947441E+02
7.720000E+01    -1.196866E+01  8.935472E+02
7.730000E+01    -1.196866E+01  8.923503E+02
7.740000E+01    -1.196866E+01  8.911535E+02
7.750000E+01    -1.196867E+01  8.899566E+02
7.760000E+01    -1.196867E+01  8.887597E+02
7.770000E+01    -1.196867E+01  8.875629E+02
7.780000E+01    -1.196867E+01  8.863660E+02
7.790000E+01    -1.196868E+01  8.851691E+02
7.800000E+01    -1.196868E+01  8.839723E+02
7.810000E+01    -1.196868E+01  8.827754E+02
7.820000E+01    -1.196868E+01  8.815785E+02
7.830000E+01    -1.196868E+01  8.803817E+02
7.840000E+01    -1.196869E+01  8.791848E+02
7.850000E+01    -1.196869E+01  8.779879E+02
7.860000E+01    -1.196869E+01  8.767911E+02
7.870000E+01    -1.196869E+01  8.755942E+02
7.880000E+01    -1.196870E+01  8.743973E+02
7.890000E+01    -1.196870E+01  8.732004E+02
7.900000E+01    -1.196870E+01  8.720036E+02
7.910000E+01    -1.196870E+01  8.708067E+02
7.920000E+01    -1.196870E+01  8.696098E+02
7.930000E+01    -1.196871E+01  8.684130E+02
7.940000E+01    -1.196871E+01  8.672161E+02
7.950000E+01    -1.196871E+01  8.660192E+02
7.960000E+01    -1.196871E+01  8.648224E+02
7.970000E+01    -1.196872E+01  8.636255E+02
7.980000E+01    -1.196872E+01  8.624286E+02
7.990000E+01    -1.196872E+01  8.612317E+02
8.000000E+01    -1.196872E+01  8.600349E+02
8.010000E+01    -1.196872E+01  8.588380E+02
8.020000E+01    -1.196873E+01  8.576411E+02
8.030000E+01    -1.196873E+01  8.564442E+02
8.040000E+01    -1.196873E+01  8.552474E+02
8.050000E+01    -1.196873E+01  8.540505E+02
8.060000E+01    -1.196874E+01  8.528536E+02
8.070000E+01    -1.196874E+01  8.516568E+02
8.080000E+01    -1.196874E+01  8.504599E+02
8.090000E+01    -1.196874E+01  8.492630E+02
8.100000E+01    -1.196874E+01  8.480661E+02
8.110000E+01    -1.196875E+01  8.468693E+02
8.120000E+01    -1.196875E+01  8.456724E+02
8.130000E+01    -1.196875E+01  8.444755E+02
8.140000E+01    -1.196875E+01  8.432786E+02
8.150000E+01    -1.196875E+01  8.420818E+02
8.160000E+01    -1.196876E+01  8.408849E+02
8.170000E+01    -1.196876E+01  8.396880E+02
8.180000E+01    -1.196876E+01  8.384911E+02
8.190000E+01    -1.196876E+01  8.372943E+02
8.200000E+01    -1.196877E+01  8.360974E+02
8.210000E+01    -1.196877E+01  8.349005E+02
8.220000E+01    -1.196877E+01  8.337036E+02
8.230000E+01    -1.196877E+01  8.325067E+02
8.240000E+01    -1.196877E+01  8.313099E+02
8.250000E+01    -1.196878E+01  8.301130E+02
8.260000E+01    -1.196878E+01  8.289161E+02
8.270000E+01    -1.196878E+01  8.277192E+02
8.280000E+01    -1.196878E+01  8.265224E+02
8.290000E+01    -1.196879E+01  8.253255E+02
8.300000E+01    -1.196879E+01  8.241286E+02
8.310000E+01    -1.196879E+01  8.229317E+02
8.320000E+01    -1.196879E+01  8.217348E+02
8.330000E+01    -1.196879E+01  8.205380E+02
8.340000E+01    -1.196880E+01  8.193411E+02
8.350000E+01    -1.196880E+01  8.181442E+02
8.360000E+01    -1.196880E+01  8.169473E+02
8.370000E+01    -1.196880E+01  8.157504E+02
8.380000E+01    -1.196881E+01  8.145536E+02
8.390000E+01    -1.196881E+01  8.133567E+02
8.400000E+01    -1.196881E+01  8.121598E+02
8.410000E+01    -1.196881E+01  8.109629E+02
8.420000E+01    -1.196881E+01  8.097660E+02
8.430000E+01    -1.196882E+01  8.085692E+02
8.440000E+01    -1.196882E+01  8.073723E+02
8.450000E+01    -1.196882E+01  8.061754E+02
8.460000E+01    -1.196882E+01  8.049785E+02
8.470000E+01    -1.196883E+01  8.037816E+02
8.480000E+01    -1.196883E+01  8.025847E+02
8.490000E+01    -1.196883E+01  8.013879E+02
8.500000E+01    -1.196883E+01  8.001910E+02
8.510000E+01    -1.196883E+01  7.989941E+02
8.520000E+01    -1.196884E+01  7.977972E+02
8.530000E+01    -1.196884E+01  7.966003E+02
8.540000E+01    -1.196884E+01  7.954034E+02
8.550000E+01    -1.196884E+01  7.942066E+02
8.560000E+01    -1.196885E+01  7.930097E+02
8.570000E+01    -1.196885E+01  7.918128E+02
8.580000E+01    -1.196885E+01  7.906159E+02
8.590000E+01    -1.196885E+01  7.894190E+02
8.600000E+01    -1.196885E+01  7.882221E+02
8.610000E+01    -1.196886E+01  7.870252E+02
8.620000E+01    -1.196886E+01  7.858284E+02
8.630000E+01    -1.196886E+01  7.846315E+02
8.640000E+01    -1.196886E+01  7.834346E+02
8.650000E+01    -1.196887E+01  7.822377E+02
8.660000E+01    -1.196887E+01  7.810408E+02
8.670000E+01    -1.196887E+01  7.798439E+02
8.680000E+01    -1.196887E+01  7.786470E+02
8.690000E+01    -1.196887E+01  7.774502E+02
8.700000E+01    -1.196888E+01  7.762533E+02
8.710000E+01    -1.196888E+01  7.750564E+02
8.720000E+01    -1.196888E+01  7.738595E+02
8.730000E+01    -1.196888E+01  7.726626E+02
8.740000E+01    -1.196889E+01  7.714657E+02
8.750000E+01    -1.196889E+01  7.702688E+02
8.760000E+01    -1.196889E+01  7.690719E+02
8.770000E+01    -1.196889E+01  7.678750E+02
8.780000E+01    -1.196889E+01  7.666782E+02
8.790000E+01    -1.196890E+01  7.654813E+02
8.800000E+01    -1.196890E+01  7.642844E+02
8.810000E+01    -1.196890E+01  7.630875E+02
8.820000E+01    -1.196890E+01  7.618906E+02
8.830000E+01    -1.196891E+01  7.606937E+02
8.840000E+01    -1.196891E+01  7.594968E+02
8.850000E+01    -1.196891E+01  7.582999E+02
8.860000E+01    -1.196891E+01  7.571030E+02
8.870000E+01    -1.196891E+01  7.559061E+02
8.880000E+01    -1.196892E+01  7.547092E+02
8.890000E+01    -1.196892E+01  7.535124E+02
8.900000E+01    -1.196892E+01  7.523155E+02
8.910000E+01    -1.196892E+01  7.511186E+02
8.920000E+01    -1.196893E+01  7.499217E+02
8.930000E+01    -1.196893E+01  7.487248E+02
8.940000E+01    -1.196893E+01  7.475279E+02
8.950000E+01    -1.196893E+01  7.463310E+02
8.960000E+01    -1.196893E+01  7.451341E+02
8.970000E+01    -1.196894E+01  7.439372E+02
8.980000E+01    -1.196894E+01  7.427403E+02
8.990000E+01    -1.196894E+01  7.415434E+02
9.000000E+01    -1.196894E+01  7.403465E+02
9.010000E+01    -1.196894E+01  7.391496E+02
9.020000E+01    -1.196895E+01  7.379527E+02
9.030000E+01    -1.196895E+01  7.367558E+02
9.040000E+01    -1.196895E+01  7.355590E+02
9.050000E+01    -1.196895E+01  7.343621E+02
9.060000E+01    -1.196896E+01  7.331652E+02
9.070000E+01    -1.196896E+01  7.319683E+02
9.080000E+01    -1.196896E+01  7.307714E+02
9.090000E+01    -1.196896E+01  7.295745E+02
9.100000E+01    -1.196896E+01  7.283776E+02
9.110000E+01    -1.196897E+01  7.271807E+02
9.120000E+01    -1.196897E+01  7.259838E+02
9.130000E+01    -1.196897E+01  7.247869E+02
9.140000E+01    -1.196897E+01  7.235900E+02
9.150000E+01    -1.196898E+01  7.223931E+02
9.160000E+01    -1.196898E+01  7.211962E+02
9.170000E+01    -1.196898E+01  7.199993E+02
9.180000E+01    -1.196898E+01  7.188024E+02
9.190000E+01    -1.196898E+01  7.176055E+02
9.200000E+01    -1.196899E+01  7.164086E+02
9.210000E+01    -1.196899E+01  7.152117E+02
9.220000E+01    -1.196899E+01  7.140148E+02
9.230000E+01    -1.196899E+01  7.128179E+02
9.240000E+01    -1.196900E+01  7.116210E+02
9.250000E+01    -1.196900E+01  7.104241E+02
9.260000E+01    -1.196900E+01  7.092272E+02
9.270000E+01    -1.196900E+01  7.080303E+02
9.280000E+01    -1.196900E+01  7.068334E+02
9.290000E+01    -1.196901E+01  7.056365E+02
9.300000E+01    -1.196901E+01  7.044396E+02
9.310000E+01    -1.196901E+01  7.032427E+02
9.320000E+01    -1.196901E+01  7.020458E+02
9.330000E+01    -1.196902E+01  7.008489E+02
9.340000E+01    -1.196902E+01  6.996520E+02
9.350000E+01    -1.196902E+01  6.984551E+02
9.360000E+01    -1.196902E+01  6.972582E+02
9.370000E+01    -1.196902E+01  6.960613E+02
9.380000E+01    -1.196903E+01  6.948644E+02
9.390000E+01    -1.196903E+01  6.936675E+02
9.400000E+01    -1.196903E+01  6.924706E+02
9.410000E+01    -1.196903E+01  6.912737E+02
9.420000E+01    -1.196904E+01  6.900768E+02
9.430000E+01    -1.196904E+01  6.888799E+02
9.440000E+01    -1.196904E+01  6.876830E+02
9.450000E+01    -1.196904E+01  6.864861E+02
9.460000E+01    -1.196904E+01  6.852892E+02
9.470000E+01    -1.196905E+01  6.840923E+02
9.480000E+01    -1.196905E+01  6.828953E+02
9.490000E+01    -1.196905E+01  6.816984E+02
9.500000E+01    -1.196905E+01  6.805015E+02
9.510000E+01    -1.196906E+01  6.793046E+02
9.520000E+01    -1.196906E+01  6.781077E+02
9.530000E+01    -1.196906E+01  6.769108E+02
9.540000E+01    -1.196906E+01  6.757139E+02
9.550000E+01    -1.196906E+01  6.745170E+02
9.560000E+01    -1.196907E+01  6.733201E+02
9.570000E+01    -1.196907E+01  6.721232E+02
9.580000E+01    -1.196907E+01  6.709263E+02
9.590000E+01    -1.196907E+01  6.697294E+02
9.600000E+01    -1.196908E+01  6.685325E+02
9.610000E+01    -1.196908E+01  6.673356E+02
9.620000E+01    -1.196908E+01  6.661387E+02
9.630000E+01    -1.196908E+01  6.649417E+02
9.640000E+01    -1.196908E+01  6.637448E+02
9.650000E+01    -1.196909E+01  6.625479E+02
9.660000E+01    -1.196909E+01  6.613510E+02
9.670000E+01    -1.196909E+01  6.601541E+02
9.680000E+01    -1.196909E+01  6.589572E+02
9.690000E+01    -1.196910E+01  6.577603E+02
9.700000E+01    -1.196910E+01  6.565634E+02
9.710000E+01    -1.196910E+01  6.553665E+02
9.720000E+01    -1.196910E+01  6.541696E+02
9.730000E+01    -1.196910E+01  6.529727E+02
9.740000E+01    -1.196911E+01  6.517757E+02
9.750000E+01    -1.196911E+01  6.505788E+02
9.760000E+01    -1.196911E+01  6.493819E+02
9.770000E+01    -1.196911E+01  6.481850E+02
9.780000E+01    -1.196912E+01  6.469881E+02
9.790000E+01    -1.196912E+01  6.457912E+02
9.800000E+01    -1.196912E+01  6.445943E+02
9.810000E+01    -1.196912E+01  6.433974E+02
9.820000E+01    -1.196912E+01  6.422004E+02
9.830000E+01    -1.196913E+01  6.410035E+02
9.840000E+01    -1.196913E+01  6.398066E+02
9.850000E+01    -1.196913E+01  6.386097E+02
9.860000E+01    -1.196913E+01  6.374128E+02
9.870000E+01    -1.196913E+01  6.362159E+02
9.880000E+01    -1.196914E+01  6.350190E+02
9.890000E+01    -1.196914E+01  6.338221E+02
9.900000E+01    -1.196914E+01  6.326251E+02
9.910000E+01    -1.196914E+01  6.314282E+02
9.920000E+01    -1.196915E+01  6.302313E+02
9.930000E+01    -1.196915E+01  6.290344E+02
9.940000E+01    -1.196915E+01  6.278375E+02
9.950000E+01    -1.196915E+01  6.266406E+02
9.960000E+01    -1.196915E+01  6.254437E+02
9.970000E+01    -1.196916E+01  6.242467E+02
9.980000E+01    -1.196916E+01  6.230498E+02
9.990000E+01    -1.196916E+01  6.218529E+02
1.000000E+02    -1.196916E+01  6.206560E+02
1.001000E+02    -1.196917E+01  6.194591E+02
1.002000E+02    -1.196917E+01  6.182622E+02
1.003000E+02    -1.196917E+01  6.170652E+02
1.004000E+02    -1.196917E+01  6.158683E+02
1.005000E+02    -1.196917E+01  6.146714E+02
1.006000E+02    -1.196918E+01  6.134745E+02
1.007000E+02    -1.196918E+01  6.122776E+02
1.008000E+02    -1.196918E+01  6.110806E+02
1.009000E+02    -1.196918E+01  6.098837E+02
1.010000E+02    -1.196919E+01  6.086868E+02
1.011000E+02    -1.196919E+01  6.074899E+02
1.012000E+02    -1.196919E+01  6.062930E+02
1.013000E+02    -1.196919E+01  6.050961E+02
1.014000E+02    -1.196919E+01  6.038991E+02
1.015000E+02    -1.196920E+01  6.027022E+02
1.016000E+02    -1.196920E+01  6.015053E+02
1.017000E+02    -1.196920E+01  6.003084E+02
1.018000E+02    -1.196920E+01  5.991115E+02
1.019000E+02    -1.196921E+01  5.979145E+02
1.020000E+02    -1.196921E+01  5.967176E+02
1.021000E+02    -1.196921E+01  5.955207E+02
1.022000E+02    -1.196921E+01  5.943238E+02
1.023000E+02    -1.196921E+01  5.931269E+02
1.024000E+02    -1.196922E+01  5.919299E+02
1.025000E+02    -1.196922E+01  5.907330E+02
1.026000E+02    -1.196922E+01  5.895361E+02
1.027000E+02    -1.196922E+01  5.883392E+02
1.028000E+02    -1.196923E+01  5.871422E+02
1.029000E+02    -1.196923E+01  5.859453E+02
1.030000E+02    -1.196923E+01  5.847484E+02
1.031000E+02    -1.196923E+01  5.835515E+02
1.032000E+02    -1.196923E+01  5.823545E+02
1.033000E+02    -1.196924E+01  5.811576E+02
1.034000E+02    -1.196924E+01  5.799607E+02
1.035000E+02    -1.196924E+01  5.787638E+02
1.036000E+02    -1.196924E+01  5.775669E+02
1.037000E+02    -1.196925E+01  5.763699E+02
1.038000E+02    -1.196925E+01  5.751730E+02
1.039000E+02    -1.196925E+01  5.739761E+02
1.040000E+02    -1.196925E+01  5.727792E+02
1.041000E+02    -1.196925E+01  5.715822E+02
1.042000E+02    -1.196926E+01  5.703853E+02
1.043000E+02    -1.196926E+01  5.691884E+02
1.044000E+02    -1.196926E+01  5.679914E+02
1.045000E+02    -1.196926E+01  5.667945E+02
1.046000E+02    -1.196927E+01  5.655976E+02
1.047000E+02    -1.196927E+01  5.644007E+02
1.048000E+02    -1.196927E+01  5.632037E+02
1.049000E+02    -1.196927E+01  5.620068E+02
1.050000E+02    -1.196927E+01  5.608099E+02
1.051000E+02    -1.196928E+01  5.596130E+02
1.052000E+02    -1.196928E+01  5.584160E+02
1.053000E+02    -1.196928E+01  5.572191E+02
1.054000E+02    -1.196928E+01  5.560222E+02
1.055000E+02    -1.196929E+01  5.548252E+02
1.056000E+02    -1.196929E+01  5.536283E+02
1.057000E+02    -1.196929E+01  5.524314E+02
1.058000E+02    -1.196929E+01  5.512345E+02
1.059000E+02    -1.196929E+01  5.500375E+02
1.060000E+02    -1.196930E+01  5.488406E+02
1.061000E+02    -1.196930E+01  5.476437E+02
1.062000E+02    -1.196930E+01  5.464467E+02
1.063000E+02    -1.196930E+01  5.452498E+02
1.064000E+02    -1.196931E+01  5.440529E+02
1.065000E+02    -1.196931E+01  5.428559E+02
1.066000E+02    -1.196931E+01  5.416590E+02
1.067000E+02    -1.196931E+01  5.404621E+02
1.068000E+02    -1.196931E+01  5.392652E+02
1.069000E+02    -1.196932E+01  5.380682E+02
1.070000E+02    -1.196932E+01  5.368713E+02
1.071000E+02    -1.196932E+01  5.356744E+02
1.072000E+02    -1.196932E+01  5.344774E+02
1.073000E+02    -1.196933E+01  5.332805E+02
1.074000E+02    -1.196933E+01  5.320836E+02
1.075000E+02    -1.196933E+01  5.308866E+02
1.076000E+02    -1.196933E+01  5.296897E+02
1.077000E+02    -1.196933E+01  5.284928E+02
1.078000E+02    -1.196934E+01  5.272958E+02
1.079000E+02    -1.196934E+01  5.260989E+02
1.080000E+02    -1.196934E+01  5.249020E+02
1.081000E+02    -1.196934E+01  5.237050E+02
1.082000E+02    -1.196934E+01  5.225081E+02
1.083000E+02    -1.196935E+01  5.213112E+02
1.084000E+02    -1.196935E+01  5.201142E+02
1.085000E+02    -1.196935E+01  5.189173E+02
1.086000E+02    -1.196935E+01  5.177204E+02
1.087000E+02    -1.196936E+01  5.165234E+02
1.088000E+02    -1.196936E+01  5.153265E+02
1.089000E+02    -1.196936E+01  5.141295E+02
1.090000E+02    -1.196936E+01  5.129326E+02
1.091000E+02    -1.196936E+01  5.117357E+02
1.092000E+02    -1.196937E+01  5.105387E+02
1.093000E+02    -1.196937E+01  5.093418E+02
1.094000E+02    -1.196937E+01  5.081449E+02
1.095000E+02    -1.196937E+01  5.069479E+02
1.096000E+02    -1.196938E+01  5.057510E+02
1.097000E+02    -1.196938E+01  5.045540E+02
1.098000E+02    -1.196938E+01  5.033571E+02
1.099000E+02    -1.196938E+01  5.021602E+02
1.100000E+02    -1.196938E+01  5.009632E+02
1.101000E+02    -1.196939E+01  4.997663E+02
1.102000E+02    -1.196939E+01  4.985694E+02
1.103000E+02    -1.196939E+01  4.973724E+02
1.104000E+02    -1.196939E+01  4.961755E+02
1.105000E+02    -1.196940E+01  4.949785E+02
1.106000E+02    -1.196940E+01  4.937816E+02
1.107000E+02    -1.196940E+01  4.925847E+02
1.108000E+02    -1.196940E+01  4.913877E+02
1.109000E+02    -1.196940E+01  4.901908E+02
1.110000E+02    -1.196941E+01  4.889938E+02
1.111000E+02    -1.196941E+01  4.877969E+02
1.112000E+02    -1.196941E+01  4.866000E+02
1.113000E+02    -1.196941E+01  4.854030E+02
1.114000E+02    -1.196942E+01  4.842061E+02
1.115000E+02    -1.196942E+01  4.830091E+02
1.116000E+02    -1.196942E+01  4.818122E+02
1.117000E+02    -1.196942E+01  4.806152E+02
1.118000E+02    -1.196942E+01  4.794183E+02
1.119000E+02    -1.196943E+01  4.782214E+02
1.120000E+02    -1.196943E+01  4.770244E+02
1.121000E+02    -1.196943E+01  4.758275E+02
1.122000E+02    -1.196943E+01  4.746305E+02
1.123000E+02    -1.196944E+01  4.734336E+02
1.124000E+02    -1.196944E+01  4.722366E+02
1.125000E+02    -1.196944E+01  4.710397E+02
1.126000E+02    -1.196944E+01  4.698428E+02
1.127000E+02    -1.196944E+01  4.686458E+02
1.128000E+02    -1.196945E+01  4.674489E+02
1.129000E+02    -1.196945E+01  4.662519E+02
1.130000E+02    -1.196945E+01  4.650550E+02
1.131000E+02    -1.196945E+01  4.638580E+02
1.132000E+02    -1.196946E+01  4.626611E+02
1.133000E+02    -1.196946E+01  4.614641E+02
1.134000E+02    -1.196946E+01  4.602672E+02
1.135000E+02    -1.196946E+01  4.590702E+02
1.136000E+02    -1.196946E+01  4.578733E+02
1.137000E+02    -1.196947E+01  4.566764E+02
1.138000E+02    -1.196947E+01  4.554794E+02
1.139000E+02    -1.196947E+01  4.542825E+02
1.140000E+02    -1.196947E+01  4.530855E+02
1.141000E+02    -1.196948E+01  4.518886E+02
1.142000E+02    -1.196948E+01  4.506916E+02
1.143000E+02    -1.196948E+01  4.494947E+02
1.144000E+02    -1.196948E+01  4.482977E+02
1.145000E+02    -1.196948E+01  4.471008E+02
1.146000E+02    -1.196949E+01  4.459038E+02
1.147000E+02    -1.196949E+01  4.447069E+02
1.148000E+02    -1.196949E+01  4.435099E+02
1.149000E+02    -1.196949E+01  4.423130E+02
1.150000E+02    -1.196949E+01  4.411160E+02
1.151000E+02    -1.196950E+01  4.399191E+02
1.152000E+02    -1.196950E+01  4.387221E+02
1.153000E+02    -1.196950E+01  4.375252E+02
1.154000E+02    -1.196950E+01  4.363282E+02
1.155000E+02    -1.196951E+01  4.351313E+02
1.156000E+02    -1.196951E+01  4.339343E+02
1.157000E+02    -1.196951E+01  4.327374E+02
1.158000E+02    -1.196951E+01  4.315404E+02
1.159000E+02    -1.196952E+01  4.303435E+02
1.160000E+02    -1.196952E+01  4.291465E+02
1.161000E+02    -1.196952E+01  4.279496E+02
1.162000E+02    -1.196952E+01  4.267526E+02
1.163000E+02    -1.196952E+01  4.255557E+02
1.164000E+02    -1.196953E+01  4.243587E+02
1.165000E+02    -1.196953E+01  4.231618E+02
1.166000E+02    -1.196953E+01  4.219648E+02
1.167000E+02    -1.196953E+01  4.207679E+02
1.168000E+02    -1.196953E+01  4.195709E+02
1.169000E+02    -1.196954E+01  4.183739E+02
1.170000E+02    -1.196954E+01  4.171770E+02
1.171000E+02    -1.196954E+01  4.159800E+02
1.172000E+02    -1.196954E+01  4.147831E+02
1.173000E+02    -1.196955E+01  4.135861E+02
1.174000E+02    -1.196955E+01  4.123892E+02
1.175000E+02    -1.196955E+01  4.111922E+02
1.176000E+02    -1.196955E+01  4.099953E+02
1.177000E+02    -1.196955E+01  4.087983E+02
1.178000E+02    -1.196956E+01  4.076014E+02
1.179000E+02    -1.196956E+01  4.064044E+02
1.180000E+02    -1.196956E+01  4.052074E+02
1.181000E+02    -1.196956E+01  4.040105E+02
1.182000E+02    -1.196957E+01  4.028135E+02
1.183000E+02    -1.196957E+01  4.016166E+02
1.184000E+02    -1.196957E+01  4.004196E+02
1.185000E+02    -1.196957E+01  3.992227E+02
1.186000E+02    -1.196957E+01  3.980257E+02
1.187000E+02    -1.196958E+01  3.968287E+02
1.188000E+02    -1.196958E+01  3.956318E+02
1.189000E+02    -1.196958E+01  3.944348E+02
1.190000E+02    -1.196958E+01  3.932379E+02
1.191000E+02    -1.196959E+01  3.920409E+02
1.192000E+02    -1.196959E+01  3.908440E+02
1.193000E+02    -1.196959E+01  3.896470E+02
1.194000E+02    -1.196959E+01  3.884500E+02
1.195000E+02    -1.196959E+01  3.872531E+02
1.196000E+02    -1.196960E+01  3.860561E+02
1.197000E+02    -1.196960E+01  3.848592E+02
1.198000E+02    -1.196960E+01  3.836622E+02
1.199000E+02    -1.196960E+01  3.824652E+02
1.200000E+02    -1.196961E+01  3.812683E+02
1.201000E+02    -1.196961E+01  3.800713E+02
1.202000E+02    -1.196961E+01  3.788744E+02
1.203000E+02    -1.196961E+01  3.776774E+02
1.204000E+02    -1.196961E+01  3.764804E+02
1.205000E+02    -1.196962E+01  3.752835E+02
1.206000E+02    -1.196962E+01  3.740865E+02
1.207000E+02    -1.196962E+01  3.728895E+02
1.208000E+02    -1.196962E+01  3.716926E+02
1.209000E+02    -1.196963E+01  3.704956E+02
1.210000E+02    -1.196963E+01  3.692987E+02
1.211000E+02    -1.196963E+01  3.681017E+02
1.212000E+02    -1.196963E+01  3.669047E+02
1.213000E+02    -1.196963E+01  3.657078E+02
1.214000E+02    -1.196964E+01  3.645108E+02
1.215000E+02    -1.196964E+01  3.633138E+02
1.216000E+02    -1.196964E+01  3.621169E+02
1.217000E+02    -1.196964E+01  3.609199E+02
1.218000E+02    -1.196965E+01  3.597229E+02
1.219000E+02    -1.196965E+01  3.585260E+02
1.220000E+02    -1.196965E+01  3.573290E+02
1.221000E+02    -1.196965E+01  3.561320E+02
1.222000E+02    -1.196965E+01  3.549351E+02
1.223000E+02    -1.196966E+01  3.537381E+02
1.224000E+02    -1.196966E+01  3.525412E+02
1.225000E+02    -1.196966E+01  3.513442E+02
1.226000E+02    -1.196966E+01  3.501472E+02
1.227000E+02    -1.196967E+01  3.489503E+02
1.228000E+02    -1.196967E+01  3.477533E+02
1.229000E+02    -1.196967E+01  3.465563E+02
1.230000E+02    -1.196967E+01  3.453594E+02
1.231000E+02    -1.196967E+01  3.441624E+02
1.232000E+02    -1.196968E+01  3.429654E+02
1.233000E+02    -1.196968E+01  3.417685E+02
1.234000E+02    -1.196968E+01  3.405715E+02
1.235000E+02    -1.196968E+01  3.393745E+02
1.236000E+02    -1.196969E+01  3.381775E+02
1.237000E+02    -1.196969E+01  3.369806E+02
1.238000E+02    -1.196969E+01  3.357836E+02
1.239000E+02    -1.196969E+01  3.345866E+02
1.240000E+02    -1.196969E+01  3.333897E+02
1.241000E+02    -1.196970E+01  3.321927E+02
1.242000E+02    -1.196970E+01  3.309957E+02
1.243000E+02    -1.196970E+01  3.297988E+02
1.244000E+02    -1.196970E+01  3.286018E+02
1.245000E+02    -1.196971E+01  3.274048E+02
1.246000E+02    -1.196971E+01  3.262078E+02
1.247000E+02    -1.196971E+01  3.250109E+02
1.248000E+02    -1.196971E+01  3.238139E+02
1.249000E+02    -1.196971E+01  3.226169E+02
1.250000E+02    -1.196972E+01  3.214200E+02
1.251000E+02    -1.196972E+01  3.202230E+02
1.252000E+02    -1.196972E+01  3.190260E+02
1.253000E+02    -1.196972E+01  3.178290E+02
1.254000E+02    -1.196972E+01  3.166321E+02
1.255000E+02    -1.196973E+01  3.154351E+02
1.256000E+02    -1.196973E+01  3.142381E+02
1.257000E+02    -1.196973E+01  3.130412E+02
1.258000E+02    -1.196973E+01  3.118442E+02
1.259000E+02    -1.196974E+01  3.106472E+02
1.260000E+02    -1.196974E+01  3.094502E+02
1.261000E+02    -1.196974E+01  3.082533E+02
1.262000E+02    -1.196974E+01  3.070563E+02
1.263000E+02    -1.196974E+01  3.058593E+02
1.264000E+02    -1.196975E+01  3.046623E+02
1.265000E+02    -1.196975E+01  3.034654E+02
1.266000E+02    -1.196975E+01  3.022684E+02
1.267000E+02    -1.196975E+01  3.010714E+02
1.268000E+02    -1.196976E+01  2.998744E+02
1.269000E+02    -1.196976E+01  2.986775E+02
1.270000E+02    -1.196976E+01  2.974805E+02
1.271000E+02    -1.196976E+01  2.962835E+02
1.272000E+02    -1.196976E+01  2.950865E+02
1.273000E+02    -1.196977E+01  2.938896E+02
1.274000E+02    -1.196977E+01  2.926926E+02
1.275000E+02    -1.196977E+01  2.914956E+02
1.276000E+02    -1.196977E+01  2.902986E+02
1.277000E+02    -1.196978E+01  2.891016E+02
1.278000E+02    -1.196978E+01  2.879047E+02
1.279000E+02    -1.196978E+01  2.867077E+02
1.280000E+02    -1.196978E+01  2.855107E+02
1.281000E+02    -1.196978E+01  2.843137E+02
1.282000E+02    -1.196979E+01  2.831168E+02
1.283000E+02    -1.196979E+01  2.819198E+02
1.284000E+02    -1.196979E+01  2.807228E+02
1.285000E+02    -1.196979E+01  2.795258E+02
1.286000E+02    -1.196980E+01  2.783288E+02
1.287000E+02    -1.196980E+01  2.771319E+02
1.288000E+02    -1.196980E+01  2.759349E+02
1.289000E+02    -1.196980E+01  2.747379E+02
1.290000E+02    -1.196980E+01  2.735409E+02
1.291000E+02    -1.196981E+01  2.723439E+02
1.292000E+02    -1.196981E+01  2.711470E+02
1.293000E+02    -1.196981E+01  2.699500E+02
1.294000E+02    -1.196981E+01  2.687530E+02
1.295000E+02    -1.196982E+01  2.675560E+02
1.296000E+02    -1.196982E+01  2.663590E+02
1.297000E+02    -1.196982E+01  2.651620E+02
1.298000E+02    -1.196982E+01  2.639651E+02
1.299000E+02    -1.196982E+01  2.627681E+02
1.300000E+02    -1.196983E+01  2.615711E+02
1.301000E+02    -1.196983E+01  2.603741E+02
1.302000E+02    -1.196983E+01  2.591771E+02
1.303000E+02    -1.196983E+01  2.579802E+02
1.304000E+02    -1.196984E+01  2.567832E+02
1.305000E+02    -1.196984E+01  2.555862E+02
1.306000E+02    -1.196984E+01  2.543892E+02
1.307000E+02    -1.196984E+01  2.531922E+02
1.308000E+02    -1.196984E+01  2.519952E+02
1.309000E+02    -1.196985E+01  2.507982E+02
1.310000E+02    -1.196985E+01  2.496013E+02
1.311000E+02    -1.196985E+01  2.484043E+02
1.312000E+02    -1.196985E+01  2.472073E+02
1.313000E+02    -1.196986E+01  2.460103E+02
1.314000E+02    -1.196986E+01  2.448133E+02
1.315000E+02    -1.196986E+01  2.436163E+02
1.316000E+02    -1.196986E+01  2.424193E+02
1.317000E+02    -1.196986E+01  2.412224E+02
1.318000E+02    -1.196987E+01  2.400254E+02
1.319000E+02    -1.196987E+01  2.388284E+02
1.320000E+02    -1.196987E+01  2.376314E+02
1.321000E+02    -1.196987E+01  2.364344E+02
1.322000E+02    -1.196988E+01  2.352374E+02
1.323000E+02    -1.196988E+01  2.340404E+02
1.324000E+02    -1.196988E+01  2.328435E+02
1.325000E+02    -1.196988E+01  2.316465E+02
1.326000E+02    -1.196988E+01  2.304495E+02
1.327000E+02    -1.196989E+01  2.292525E+02
1.328000E+02    -1.196989E+01  2.280555E+02
1.329000E+02    -1.196989E+01  2.268585E+02
1.330000E+02    -1.196989E+01  2.256615E+02
1.331000E+02    -1.196990E+01  2.244645E+02
1.332000E+02    -1.196990E+01  2.232675E+02
1.333000E+02    -1.196990E+01  2.220705E+02
1.334000E+02    -1.196990E+01  2.208736E+02
1.335000E+02    -1.196990E+01  2.196766E+02
1.336000E+02    -1.196991E+01  2.184796E+02
1.337000E+02    -1.196991E+01  2.172826E+02
1.338000E+02    -1.196991E+01  2.160856E+02
1.339000E+02    -1.196991E+01  2.148886E+02
1.340000E+02    -1.196991E+01  2.136916E+02
1.341000E+02    -1.196992E+01  2.124946E+02
1.342000E+02    -1.196992E+01  2.112976E+02
1.343000E+02    -1.196992E+01  2.101006E+02
1.344000E+02    -1.196992E+01  2.089036E+02
1.345000E+02    -1.196993E+01  2.077067E+02
1.346000E+02    -1.196993E+01  2.065097E+02
1.347000E+02    -1.196993E+01  2.053127E+02
1.348000E+02    -1.196993E+01  2.041157E+02
1.349000E+02    -1.196993E+01  2.029187E+02
1.350000E+02    -1.196994E+01  2.017217E+02
1.351000E+02    -1.196994E+01  2.005247E+02
1.352000E+02    -1.196994E+01  1.993277E+02
1.353000E+02    -1.196994E+01  1.981307E+02
1.354000E+02    -1.196995E+01  1.969337E+02
1.355000E+02    -1.196995E+01  1.957367E+02
1.356000E+02    -1.196995E+01  1.945397E+02
1.357000E+02    -1.196995E+01  1.933427E+02
1.358000E+02    -1.196995E+01  1.921457E+02
1.359000E+02    -1.196996E+01  1.909487E+02
1.360000E+02    -1.196996E+01  1.897517E+02
1.361000E+02    -1.196996E+01  1.885547E+02
1.362000E+02    -1.196996E+01  1.873577E+02
1.363000E+02    -1.196997E+01  1.861607E+02
1.364000E+02    -1.196997E+01  1.849638E+02
1.365000E+02    -1.196997E+01  1.837668E+02
1.366000E+02    -1.196997E+01  1.825698E+02
1.367000E+02    -1.196997E+01  1.813728E+02
1.368000E+02    -1.196998E+01  1.801758E+02
1.369000E+02    -1.196998E+01  1.789788E+02
1.370000E+02    -1.196998E+01  1.777818E+02
1.371000E+02    -1.196998E+01  1.765848E+02
1.372000E+02    -1.196999E+01  1.753878E+02
1.373000E+02    -1.196999E+01  1.741908E+02
1.374000E+02    -1.196999E+01  1.729938E+02
1.375000E+02    -1.196999E+01  1.717968E+02
1.376000E+02    -1.196999E+01  1.705998E+02
1.377000E+02    -1.197000E+01  1.694028E+02
1.378000E+02    -1.197000E+01  1.682058E+02
1.379000E+02    -1.197000E+01  1.670088E+02
1.380000E+02    -1.197000E+01  1.658118E+02
1.381000E+02    -1.197001E+01  1.646148E+02
1.382000E+02    -1.197001E+01  1.634178E+02
1.383000E+02    -1.197001E+01  1.622208E+02
1.384000E+02    -1.197001E+01  1.610238E+02
1.385000E+02    -1.197001E+01  1.598268E+02
1.386000E+02    -1.197002E+01  1.586298E+02
1.387000E+02    -1.197002E+01  1.574328E+02
1.388000E+02    -1.197002E+01  1.562358E+02
1.389000E+02    -1.197002E+01  1.550388E+02
1.390000E+02    -1.197003E+01  1.538418E+02
1.391000E+02    -1.197003E+01  1.526448E+02
1.392000E+02    -1.197003E+01  1.514478E+02
1.393000E+02    -1.197003E+01  1.502507E+02
1.394000E+02    -1.197003E+01  1.490537E+02
1.395000E+02    -1.197004E+01  1.478567E+02
1.396000E+02    -1.197004E+01  1.466597E+02
1.397000E+02    -1.197004E+01  1.454627E+02
1.398000E+02    -1.197004E+01  1.442657E+02
1.399000E+02    -1.197005E+01  1.430687E+02
1.400000E+02    -1.197005E+01  1.418717E+02
1.401000E+02    -1.197005E+01  1.406747E+02
1.402000E+02    -1.197005E+01  1.394777E+02
1.403000E+02    -1.197005E+01  1.382807E+02
1.404000E+02    -1.197006E+01  1.370837E+02
1.405000E+02    -1.197006E+01  1.358867E+02
1.406000E+02    -1.197006E+01  1.346897E+02
1.407000E+02    -1.197006E+01  1.334927E+02
1.408000E+02    -1.197007E+01  1.322957E+02
1.409000E+02    -1.197007E+01  1.310987E+02
1.410000E+02    -1.197007E+01  1.299017E+02
1.411000E+02    -1.197007E+01  1.287047E+02
1.412000E+02    -1.197007E+01  1.275076E+02
1.413000E+02    -1.197008E+01  1.263106E+02
1.414000E+02    -1.197008E+01  1.251136E+02
1.415000E+02    -1.197008E+01  1.239166E+02
1.416000E+02    -1.197008E+01  1.227196E+02
1.417000E+02    -1.197009E+01  1.215226E+02
1.418000E+02    -1.197009E+01  1.203256E+02
1.419000E+02    -1.197009E+01  1.191286E+02
1.420000E+02    -1.197009E+01  1.179316E+02
1.421000E+02    -1.197009E+01  1.167346E+02
1.422000E+02    -1.197010E+01  1.155376E+02
1.423000E+02    -1.197010E+01  1.143405E+02
1.424000E+02    -1.197010E+01  1.131435E+02
1.425000E+02    -1.197010E+01  1.119465E+02
1.426000E+02    -1.197011E+01  1.107495E+02
1.427000E+02    -1.197011E+01  1.095525E+02
1.428000E+02    -1.197011E+01  1.083555E+02
1.429000E+02    -1.197011E+01  1.071585E+02
1.430000E+02    -1.197011E+01  1.059615E+02
1.431000E+02    -1.197012E+01  1.047645E+02
1.432000E+02    -1.197012E+01  1.035674E+02
1.433000E+02    -1.197012E+01  1.023704E+02
1.434000E+02    -1.197012E+01  1.011734E+02
1.435000E+02    -1.197013E+01  9.997641E+01
1.436000E+02    -1.197013E+01  9.877940E+01
1.437000E+02    -1.197013E+01  9.758239E+01
1.438000E+02    -1.197013E+01  9.638537E+01
1.439000E+02    -1.197013E+01  9.518836E+01
1.440000E+02    -1.197014E+01  9.399135E+01
1.441000E+02    -1.197014E+01  9.279433E+01
1.442000E+02    -1.197014E+01  9.159732E+01
1.443000E+02    -1.197014E+01  9.040030E+01
1.444000E+02    -1.197014E+01  8.920329E+01
1.445000E+02    -1.197015E+01  8.800627E+01
1.446000E+02    -1.197015E+01  8.680926E+01
1.447000E+02    -1.197015E+01  8.561224E+01
1.448000E+02    -1.197015E+01  8.441523E+01
1.449000E+02    -1.197016E+01  8.321821E+01
1.450000E+02    -1.197016E+01  8.202120E+01
1.451000E+02    -1.197016E+01  8.082418E+01
1.452000E+02    -1.197016E+01  7.962717E+01
1.453000E+02    -1.197016E+01  7.843015E+01
1.454000E+02    -1.197017E+01  7.723313E+01
1.455000E+02    -1.197017E+01  7.603612E+01
1.456000E+02    -1.197017E+01  7.483910E+01
1.457000E+02    -1.197017E+01  7.364208E+01
1.458000E+02    -1.197018E+01  7.244506E+01
1.459000E+02    -1.197018E+01  7.124805E+01
1.460000E+02    -1.197018E+01  7.005103E+01
1.461000E+02    -1.197018E+01  6.885401E+01
1.462000E+02    -1.197018E+01  6.765699E+01
1.463000E+02    -1.197019E+01  6.645997E+01
1.464000E+02    -1.197019E+01  6.526295E+01
1.465000E+02    -1.197019E+01  6.406593E+01
1.466000E+02    -1.197019E+01  6.286891E+01
1.467000E+02    -1.197020E+01  6.167190E+01
1.468000E+02    -1.197020E+01  6.047488E+01
1.469000E+02    -1.197020E+01  5.927786E+01
1.470000E+02    -1.197020E+01  5.808084E+01
1.471000E+02    -1.197020E+01  5.688381E+01
1.472000E+02    -1.197021E+01  5.568679E+01
1.473000E+02    -1.197021E+01  5.448977E+01
1.474000E+02    -1.197021E+01  5.329275E+01
1.475000E+02    -1.197021E+01  5.209573E+01
1.476000E+02    -1.197022E+01  5.089871E+01
1.477000E+02    -1.197022E+01  4.970169E+01
1.478000E+02    -1.197022E+01  4.850467E+01
1.479000E+02    -1.197022E+01  4.730764E+01
1.480000E+02    -1.197022E+01  4.611062E+01
1.481000E+02    -1.197023E+01  4.491360E+01
1.482000E+02    -1.197023E+01  4.371657E+01
1.483000E+02    -1.197023E+01  4.251955E+01
1.484000E+02    -1.197023E+01  4.132253E+01
1.485000E+02    -1.197024E+01  4.012550E+01
1.486000E+02    -1.197024E+01  3.892848E+01
1.487000E+02    -1.197024E+01  3.773146E+01
1.488000E+02    -1.197024E+01  3.653443E+01
1.489000E+02    -1.197024E+01  3.533741E+01
1.490000E+02    -1.197025E+01  3.414038E+01
1.491000E+02    -1.197025E+01  3.294336E+01
1.492000E+02    -1.197025E+01  3.174633E+01
1.493000E+02    -1.197025E+01  3.054931E+01
1.494000E+02    -1.197026E+01  2.935228E+01
1.495000E+02    -1.197026E+01  2.815526E+01
1.496000E+02    -1.197026E+01  2.695823E+01
1.497000E+02    -1.197026E+01  2.576120E+01
1.498000E+02    -1.197026E+01  2.456418E+01
1.499000E+02    -1.197027E+01  2.336715E+01
1.500000E+02    -1.197027E+01  2.217013E+01
1.501000E+02    -1.197027E+01  2.097310E+01
1.502000E+02    -1.197027E+01  1.977607E+01
1.503000E+02    -1.197028E+01  1.857904E+01
1.504000E+02    -1.197028E+01  1.738202E+01
1.505000E+02    -1.197028E+01  1.618499E+01
1.506000E+02    -1.197028E+01  1.498796E+01
1.507000E+02    -1.197028E+01  1.379093E+01
1.508000E+02    -1.197029E+01  1.259390E+01
1.509000E+02    -1.197029E+01  1.139687E+01
1.510000E+02    -1.197029E+01  1.019984E+01
1.511000E+02    -1.197029E+01  9.002815E+00
1.512000E+02    -1.197030E+01  7.805785E+00
1.513000E+02    -1.197030E+01  6.608756E+00
1.514000E+02    -1.197030E+01  5.411726E+00
1.515000E+02    -1.197030E+01  4.214695E+00
1.516000E+02    -1.197030E+01  3.017665E+00
1.517000E+02    -1.197031E+01  1.820634E+00
1.518000E+02    -1.197031E+01  6.236036E-01
1.519000E+02    -1.197031E+01  -5.734275E-01
