0.000000E+00    6.608805E+01
1.000000E-01    6.626423E+01
2.000000E-01    6.652855E+01
3.000000E-01    6.688092E+01
4.000000E-01    6.732122E+01
5.000000E-01    6.784923E+01
6.000000E-01    6.846465E+01
7.000000E-01    6.916714E+01
8.000000E-01    6.995626E+01
9.000000E-01    7.083152E+01
1.000000E+00    7.179236E+01
1.100000E+00    7.283814E+01
1.200000E+00    7.396817E+01
1.300000E+00    7.518171E+01
1.400000E+00    7.647792E+01
1.500000E+00    7.785595E+01
1.600000E+00    7.931487E+01
1.700000E+00    8.085370E+01
1.800000E+00    8.247142E+01
1.900000E+00    8.416695E+01
2.000000E+00    8.593917E+01
2.100000E+00    8.778694E+01
2.200000E+00    8.970907E+01
2.300000E+00    9.170431E+01
2.400000E+00    9.377142E+01
2.500000E+00    9.590912E+01
2.600000E+00    9.811609E+01
2.700000E+00    1.003910E+02
2.800000E+00    1.027325E+02
2.900000E+00    1.051393E+02
3.000000E+00    1.076098E+02
3.100000E+00    1.101429E+02
3.200000E+00    1.127370E+02
3.300000E+00    1.153908E+02
3.400000E+00    1.181029E+02
3.500000E+00    1.208718E+02
3.600000E+00    1.236962E+02
3.700000E+00    1.265747E+02
3.800000E+00    1.295059E+02
3.900000E+00    1.324884E+02
4.000000E+00    1.355209E+02
4.100000E+00    1.386019E+02
4.200000E+00    1.417302E+02
4.300000E+00    1.449045E+02
4.400000E+00    1.481234E+02
4.500000E+00    1.513857E+02
4.600000E+00    1.546901E+02
4.700000E+00    1.580353E+02
4.800000E+00    1.614201E+02
4.900000E+00    1.648433E+02
5.000000E+00    1.683038E+02
5.100000E+00    1.718003E+02
5.200000E+00    1.753318E+02
5.300000E+00    1.788972E+02
5.400000E+00    1.824953E+02
5.500000E+00    1.861251E+02
5.600000E+00    1.897857E+02
5.700000E+00    1.934758E+02
5.800000E+00    1.971947E+02
5.900000E+00    2.009413E+02
6.000000E+00    2.047148E+02
6.100000E+00    2.085141E+02
6.200000E+00    2.123385E+02
6.300000E+00    2.161871E+02
6.400000E+00    2.200590E+02
6.500000E+00    2.239535E+02
6.600000E+00    2.278697E+02
6.700000E+00    2.318070E+02
6.800000E+00    2.357646E+02
6.900000E+00    2.397417E+02
7.000000E+00    2.437377E+02
7.100000E+00    2.477520E+02
7.200000E+00    2.517838E+02
7.300000E+00    2.558326E+02
7.400000E+00    2.598978E+02
7.500000E+00    2.639788E+02
7.600000E+00    2.680750E+02
7.700000E+00    2.721859E+02
7.800000E+00    2.763110E+02
7.900000E+00    2.804497E+02
8.000000E+00    2.846016E+02
8.100000E+00    2.887662E+02
8.200000E+00    2.929431E+02
8.300000E+00    2.971318E+02
8.400000E+00    3.013319E+02
8.500000E+00    3.055431E+02
8.600000E+00    3.097648E+02
8.700000E+00    3.139968E+02
8.800000E+00    3.182387E+02
8.900000E+00    3.224901E+02
9.000000E+00    3.267508E+02
9.100000E+00    3.310203E+02
9.200000E+00    3.352984E+02
9.300000E+00    3.395848E+02
9.400000E+00    3.438792E+02
9.500000E+00    3.481813E+02
9.600000E+00    3.524909E+02
9.700000E+00    3.568077E+02
9.800000E+00    3.611315E+02
9.900000E+00    3.654620E+02
1.000000E+01    3.697991E+02
1.010000E+01    3.741424E+02
1.020000E+01    3.784918E+02
1.030000E+01    3.828472E+02
1.040000E+01    3.872082E+02
1.050000E+01    3.915748E+02
1.060000E+01    3.959467E+02
1.070000E+01    4.003239E+02
1.080000E+01    4.047060E+02
1.090000E+01    4.090930E+02
1.100000E+01    4.134848E+02
1.110000E+01    4.178811E+02
1.120000E+01    4.222819E+02
1.130000E+01    4.266870E+02
1.140000E+01    4.310962E+02
1.150000E+01    4.355096E+02
1.160000E+01    4.399269E+02
1.170000E+01    4.443481E+02
1.180000E+01    4.487730E+02
1.190000E+01    4.532016E+02
1.200000E+01    4.576337E+02
1.210000E+01    4.620692E+02
1.220000E+01    4.665082E+02
1.230000E+01    4.709504E+02
1.240000E+01    4.753958E+02
1.250000E+01    4.798443E+02
1.260000E+01    4.842959E+02
1.270000E+01    4.887505E+02
1.280000E+01    4.932080E+02
1.290000E+01    4.976683E+02
1.300000E+01    5.021314E+02
1.310000E+01    5.065972E+02
1.320000E+01    5.110657E+02
1.330000E+01    5.155368E+02
1.340000E+01    5.200105E+02
1.350000E+01    5.244866E+02
1.360000E+01    5.289653E+02
1.370000E+01    5.334463E+02
1.380000E+01    5.379297E+02
1.390000E+01    5.424154E+02
1.400000E+01    5.469035E+02
1.410000E+01    5.513937E+02
1.420000E+01    5.558862E+02
1.430000E+01    5.603809E+02
1.440000E+01    5.648777E+02
1.450000E+01    5.693766E+02
1.460000E+01    5.738776E+02
1.470000E+01    5.783807E+02
1.480000E+01    5.828857E+02
1.490000E+01    5.873928E+02
1.500000E+01    5.919018E+02
1.510000E+01    5.964128E+02
1.520000E+01    6.009257E+02
1.530000E+01    6.054405E+02
1.540000E+01    6.099572E+02
1.550000E+01    6.144757E+02
1.560000E+01    6.189961E+02
1.570000E+01    6.235183E+02
1.580000E+01    6.280423E+02
1.590000E+01    6.325681E+02
1.600000E+01    6.370956E+02
1.610000E+01    6.416249E+02
1.620000E+01    6.461559E+02
1.630000E+01    6.506887E+02
1.640000E+01    6.552231E+02
1.650000E+01    6.597593E+02
1.660000E+01    6.642971E+02
1.670000E+01    6.688366E+02
1.680000E+01    6.733777E+02
1.690000E+01    6.779205E+02
1.700000E+01    6.824650E+02
1.710000E+01    6.870110E+02
1.720000E+01    6.915587E+02
1.730000E+01    6.961080E+02
1.740000E+01    7.006589E+02
1.750000E+01    7.052113E+02
1.760000E+01    7.097654E+02
1.770000E+01    7.143210E+02
1.780000E+01    7.188782E+02
1.790000E+01    7.234370E+02
1.800000E+01    7.279973E+02
1.810000E+01    7.325591E+02
1.820000E+01    7.371225E+02
1.830000E+01    7.416874E+02
1.840000E+01    7.462539E+02
1.850000E+01    7.508218E+02
1.860000E+01    7.553913E+02
1.870000E+01    7.599623E+02
1.880000E+01    7.645348E+02
1.890000E+01    7.691088E+02
1.900000E+01    7.736843E+02
1.910000E+01    7.782613E+02
1.920000E+01    7.828398E+02
1.930000E+01    7.874198E+02
1.940000E+01    7.920013E+02
1.950000E+01    7.965842E+02
1.960000E+01    8.011686E+02
1.970000E+01    8.057545E+02
1.980000E+01    8.103419E+02
1.990000E+01    8.149307E+02
2.000000E+01    8.195210E+02
2.010000E+01    8.241127E+02
2.020000E+01    8.287059E+02
2.030000E+01    8.333006E+02
2.040000E+01    8.378967E+02
2.050000E+01    8.424942E+02
2.060000E+01    8.470932E+02
2.070000E+01    8.516937E+02
2.080000E+01    8.562956E+02
2.090000E+01    8.608989E+02
2.100000E+01    8.655037E+02
2.110000E+01    8.701099E+02
2.120000E+01    8.747176E+02
2.130000E+01    8.793266E+02
2.140000E+01    8.839372E+02
2.150000E+01    8.885491E+02
2.160000E+01    8.931625E+02
2.170000E+01    8.977773E+02
2.180000E+01    9.023935E+02
2.190000E+01    9.070112E+02
2.200000E+01    9.116302E+02
2.210000E+01    9.162507E+02
2.220000E+01    9.208727E+02
2.230000E+01    9.254960E+02
2.240000E+01    9.301208E+02
2.250000E+01    9.347469E+02
2.260000E+01    9.393745E+02
2.270000E+01    9.440035E+02
2.280000E+01    9.486339E+02
2.290000E+01    9.532658E+02
2.300000E+01    9.578990E+02
2.310000E+01    9.625337E+02
2.320000E+01    9.671697E+02
2.330000E+01    9.718072E+02
2.340000E+01    9.764461E+02
2.350000E+01    9.810864E+02
2.360000E+01    9.857281E+02
2.370000E+01    9.903712E+02
2.380000E+01    9.950157E+02
2.390000E+01    9.996616E+02
2.400000E+01    1.004309E+03
2.410000E+01    1.008958E+03
2.420000E+01    1.013608E+03
2.430000E+01    1.018259E+03
2.440000E+01    1.022912E+03
2.450000E+01    1.027566E+03
2.460000E+01    1.032222E+03
2.470000E+01    1.036879E+03
2.480000E+01    1.041538E+03
2.490000E+01    1.046198E+03
2.500000E+01    1.050859E+03
2.510000E+01    1.055522E+03
2.520000E+01    1.060186E+03
2.530000E+01    1.064851E+03
2.540000E+01    1.069518E+03
2.550000E+01    1.074186E+03
2.560000E+01    1.078856E+03
2.570000E+01    1.083527E+03
2.580000E+01    1.088199E+03
2.590000E+01    1.092873E+03
2.600000E+01    1.097549E+03
2.610000E+01    1.102225E+03
2.620000E+01    1.106903E+03
2.630000E+01    1.111583E+03
2.640000E+01    1.116263E+03
2.650000E+01    1.120945E+03
2.660000E+01    1.125629E+03
2.670000E+01    1.130314E+03
2.680000E+01    1.135000E+03
2.690000E+01    1.139688E+03
2.700000E+01    1.144377E+03
2.710000E+01    1.149068E+03
2.720000E+01    1.153759E+03
2.730000E+01    1.158453E+03
2.740000E+01    1.163147E+03
2.750000E+01    1.167843E+03
2.760000E+01    1.172541E+03
2.770000E+01    1.177239E+03
2.780000E+01    1.181940E+03
2.790000E+01    1.186641E+03
2.800000E+01    1.191344E+03
2.810000E+01    1.196048E+03
2.820000E+01    1.200754E+03
2.830000E+01    1.205461E+03
2.840000E+01    1.210169E+03
2.850000E+01    1.214879E+03
2.860000E+01    1.219590E+03
2.870000E+01    1.224303E+03
2.880000E+01    1.229017E+03
2.890000E+01    1.233732E+03
2.900000E+01    1.238449E+03
2.910000E+01    1.243167E+03
2.920000E+01    1.247886E+03
2.930000E+01    1.252607E+03
2.940000E+01    1.257329E+03
2.950000E+01    1.262053E+03
2.960000E+01    1.266778E+03
2.970000E+01    1.271504E+03
2.980000E+01    1.276232E+03
2.990000E+01    1.280961E+03
3.000000E+01    1.285691E+03
3.010000E+01    1.290423E+03
3.020000E+01    1.295156E+03
3.030000E+01    1.299891E+03
3.040000E+01    1.304627E+03
3.050000E+01    1.309364E+03
3.060000E+01    1.314102E+03
3.070000E+01    1.318842E+03
3.080000E+01    1.323584E+03
3.090000E+01    1.328327E+03
3.100000E+01    1.333071E+03
3.110000E+01    1.337816E+03
3.120000E+01    1.342563E+03
3.130000E+01    1.347311E+03
3.140000E+01    1.352061E+03
3.150000E+01    1.356812E+03
3.160000E+01    1.361564E+03
3.170000E+01    1.366317E+03
3.180000E+01    1.371072E+03
3.190000E+01    1.375829E+03
3.200000E+01    1.380587E+03
3.210000E+01    1.385346E+03
3.220000E+01    1.390106E+03
3.230000E+01    1.394868E+03
3.240000E+01    1.399631E+03
3.250000E+01    1.404396E+03
3.260000E+01    1.409162E+03
3.270000E+01    1.413929E+03
3.280000E+01    1.418697E+03
3.290000E+01    1.423467E+03
3.300000E+01    1.428239E+03
3.310000E+01    1.433011E+03
3.320000E+01    1.437785E+03
3.330000E+01    1.442561E+03
3.340000E+01    1.447338E+03
3.350000E+01    1.452116E+03
3.360000E+01    1.456895E+03
3.370000E+01    1.461676E+03
3.380000E+01    1.466458E+03
3.390000E+01    1.471242E+03
3.400000E+01    1.476027E+03
3.410000E+01    1.480813E+03
3.420000E+01    1.485601E+03
3.430000E+01    1.490389E+03
3.440000E+01    1.495180E+03
3.450000E+01    1.499971E+03
3.460000E+01    1.504764E+03
3.470000E+01    1.509559E+03
3.480000E+01    1.514355E+03
3.490000E+01    1.519152E+03
3.500000E+01    1.523950E+03
3.510000E+01    1.528750E+03
3.520000E+01    1.533551E+03
3.530000E+01    1.538353E+03
3.540000E+01    1.543157E+03
3.550000E+01    1.547962E+03
3.560000E+01    1.552769E+03
3.570000E+01    1.557577E+03
3.580000E+01    1.562386E+03
3.590000E+01    1.567196E+03
3.600000E+01    1.572008E+03
3.610000E+01    1.576821E+03
3.620000E+01    1.581636E+03
3.630000E+01    1.586452E+03
3.640000E+01    1.591269E+03
3.650000E+01    1.596088E+03
3.660000E+01    1.600908E+03
3.670000E+01    1.605729E+03
3.680000E+01    1.610552E+03
3.690000E+01    1.615376E+03
3.700000E+01    1.620201E+03
3.710000E+01    1.625028E+03
3.720000E+01    1.629856E+03
3.730000E+01    1.634685E+03
3.740000E+01    1.639516E+03
3.750000E+01    1.644348E+03
3.760000E+01    1.649181E+03
3.770000E+01    1.654016E+03
3.780000E+01    1.658852E+03
3.790000E+01    1.663689E+03
3.800000E+01    1.668528E+03
3.810000E+01    1.673368E+03
3.820000E+01    1.678209E+03
3.830000E+01    1.683052E+03
3.840000E+01    1.687896E+03
3.850000E+01    1.692742E+03
3.860000E+01    1.697588E+03
3.870000E+01    1.702437E+03
3.880000E+01    1.707286E+03
3.890000E+01    1.712137E+03
3.900000E+01    1.716989E+03
3.910000E+01    1.721842E+03
3.920000E+01    1.726697E+03
3.930000E+01    1.731553E+03
3.940000E+01    1.736410E+03
3.950000E+01    1.741269E+03
3.960000E+01    1.746129E+03
3.970000E+01    1.750991E+03
3.980000E+01    1.755853E+03
3.990000E+01    1.760718E+03
4.000000E+01    1.765583E+03
4.010000E+01    1.770450E+03
4.020000E+01    1.775318E+03
4.030000E+01    1.780187E+03
4.040000E+01    1.785058E+03
4.050000E+01    1.789930E+03
4.060000E+01    1.794803E+03
4.070000E+01    1.799678E+03
4.080000E+01    1.804554E+03
4.090000E+01    1.809431E+03
4.100000E+01    1.814310E+03
4.110000E+01    1.819190E+03
4.120000E+01    1.824071E+03
4.130000E+01    1.828954E+03
4.140000E+01    1.833838E+03
4.150000E+01    1.838723E+03
4.160000E+01    1.843610E+03
4.170000E+01    1.848498E+03
4.180000E+01    1.853387E+03
4.190000E+01    1.858278E+03
4.200000E+01    1.863170E+03
4.210000E+01    1.868063E+03
4.220000E+01    1.872958E+03
4.230000E+01    1.877854E+03
4.240000E+01    1.882751E+03
4.250000E+01    1.887649E+03
4.260000E+01    1.892549E+03
4.270000E+01    1.897450E+03
4.280000E+01    1.902353E+03
4.290000E+01    1.907257E+03
4.300000E+01    1.912162E+03
4.310000E+01    1.917068E+03
4.320000E+01    1.921976E+03
4.330000E+01    1.926885E+03
4.340000E+01    1.931796E+03
4.350000E+01    1.936707E+03
4.360000E+01    1.941620E+03
4.370000E+01    1.946535E+03
4.380000E+01    1.951450E+03
4.390000E+01    1.956367E+03
4.400000E+01    1.961286E+03
4.410000E+01    1.966205E+03
4.420000E+01    1.971126E+03
4.430000E+01    1.976049E+03
4.440000E+01    1.980972E+03
4.450000E+01    1.985897E+03
4.460000E+01    1.990823E+03
4.470000E+01    1.995751E+03
4.480000E+01    2.000680E+03
4.490000E+01    2.005610E+03
4.500000E+01    2.010541E+03
4.510000E+01    2.015474E+03
4.520000E+01    2.020408E+03
4.530000E+01    2.025343E+03
4.540000E+01    2.030280E+03
4.550000E+01    2.035218E+03
4.560000E+01    2.040157E+03
4.570000E+01    2.045098E+03
4.580000E+01    2.050040E+03
4.590000E+01    2.054983E+03
4.600000E+01    2.059928E+03
4.610000E+01    2.064874E+03
4.620000E+01    2.069821E+03
4.630000E+01    2.074769E+03
4.640000E+01    2.079719E+03
4.650000E+01    2.084670E+03
4.660000E+01    2.089622E+03
4.670000E+01    2.094576E+03
4.680000E+01    2.099531E+03
4.690000E+01    2.104487E+03
4.700000E+01    2.109445E+03
4.710000E+01    2.114404E+03
4.720000E+01    2.119364E+03
4.730000E+01    2.124326E+03
4.740000E+01    2.129288E+03
4.750000E+01    2.134253E+03
4.760000E+01    2.139218E+03
4.770000E+01    2.144185E+03
4.780000E+01    2.149153E+03
4.790000E+01    2.154122E+03
4.800000E+01    2.159093E+03
4.810000E+01    2.164065E+03
4.820000E+01    2.169038E+03
4.830000E+01    2.174012E+03
4.840000E+01    2.178988E+03
4.850000E+01    2.183965E+03
4.860000E+01    2.188944E+03
4.870000E+01    2.193923E+03
4.880000E+01    2.198905E+03
4.890000E+01    2.203887E+03
4.900000E+01    2.208870E+03
4.910000E+01    2.213855E+03
4.920000E+01    2.218842E+03
4.930000E+01    2.223829E+03
4.940000E+01    2.228818E+03
4.950000E+01    2.233808E+03
4.960000E+01    2.238799E+03
4.970000E+01    2.243792E+03
4.980000E+01    2.248786E+03
4.990000E+01    2.253781E+03
5.000000E+01    2.258778E+03
5.010000E+01    2.263776E+03
5.020000E+01    2.268775E+03
5.030000E+01    2.273775E+03
5.040000E+01    2.278777E+03
5.050000E+01    2.283780E+03
5.060000E+01    2.288784E+03
5.070000E+01    2.293790E+03
5.080000E+01    2.298797E+03
5.090000E+01    2.303805E+03
5.100000E+01    2.308815E+03
5.110000E+01    2.313825E+03
5.120000E+01    2.318838E+03
5.130000E+01    2.323851E+03
5.140000E+01    2.328866E+03
5.150000E+01    2.333881E+03
5.160000E+01    2.338899E+03
5.170000E+01    2.343917E+03
5.180000E+01    2.348937E+03
5.190000E+01    2.353958E+03
5.200000E+01    2.358980E+03
5.210000E+01    2.364004E+03
5.220000E+01    2.369029E+03
5.230000E+01    2.374055E+03
5.240000E+01    2.379083E+03
5.250000E+01    2.384112E+03
5.260000E+01    2.389142E+03
5.270000E+01    2.394173E+03
5.280000E+01    2.399206E+03
5.290000E+01    2.404240E+03
5.300000E+01    2.409275E+03
5.310000E+01    2.414311E+03
5.320000E+01    2.419349E+03
5.330000E+01    2.424388E+03
5.340000E+01    2.429429E+03
5.350000E+01    2.434470E+03
5.360000E+01    2.439513E+03
5.370000E+01    2.444557E+03
5.380000E+01    2.449603E+03
5.390000E+01    2.454650E+03
5.400000E+01    2.459698E+03
5.410000E+01    2.464747E+03
5.420000E+01    2.469797E+03
5.430000E+01    2.474849E+03
5.440000E+01    2.479902E+03
5.450000E+01    2.484957E+03
5.460000E+01    2.490013E+03
5.470000E+01    2.495070E+03
5.480000E+01    2.500128E+03
5.490000E+01    2.505187E+03
5.500000E+01    2.510248E+03
5.510000E+01    2.515310E+03
5.520000E+01    2.520374E+03
5.530000E+01    2.525438E+03
5.540000E+01    2.530504E+03
5.550000E+01    2.535571E+03
5.560000E+01    2.540640E+03
5.570000E+01    2.545710E+03
5.580000E+01    2.550781E+03
5.590000E+01    2.555853E+03
5.600000E+01    2.560927E+03
5.610000E+01    2.566001E+03
5.620000E+01    2.571077E+03
5.630000E+01    2.576155E+03
5.640000E+01    2.581233E+03
5.650000E+01    2.586313E+03
5.660000E+01    2.591395E+03
5.670000E+01    2.596477E+03
5.680000E+01    2.601561E+03
5.690000E+01    2.606646E+03
5.700000E+01    2.611732E+03
5.710000E+01    2.616820E+03
5.720000E+01    2.621908E+03
5.730000E+01    2.626999E+03
5.740000E+01    2.632090E+03
5.750000E+01    2.637182E+03
5.760000E+01    2.642276E+03
5.770000E+01    2.647372E+03
5.780000E+01    2.652468E+03
5.790000E+01    2.657566E+03
5.800000E+01    2.662665E+03
5.810000E+01    2.667765E+03
5.820000E+01    2.672866E+03
5.830000E+01    2.677969E+03
5.840000E+01    2.683073E+03
5.850000E+01    2.688178E+03
5.860000E+01    2.693285E+03
5.870000E+01    2.698393E+03
5.880000E+01    2.703502E+03
5.890000E+01    2.708612E+03
5.900000E+01    2.713724E+03
5.910000E+01    2.718837E+03
5.920000E+01    2.723951E+03
5.930000E+01    2.729066E+03
5.940000E+01    2.734183E+03
5.950000E+01    2.739301E+03
5.960000E+01    2.744420E+03
5.970000E+01    2.749540E+03
5.980000E+01    2.754662E+03
5.990000E+01    2.759785E+03
6.000000E+01    2.764909E+03
6.010000E+01    2.770035E+03
6.020000E+01    2.775161E+03
6.030000E+01    2.780289E+03
6.040000E+01    2.785419E+03
6.050000E+01    2.790549E+03
6.060000E+01    2.795681E+03
6.070000E+01    2.800814E+03
6.080000E+01    2.805948E+03
6.090000E+01    2.811084E+03
6.100000E+01    2.816220E+03
6.110000E+01    2.821359E+03
6.120000E+01    2.826498E+03
6.130000E+01    2.831638E+03
6.140000E+01    2.836780E+03
6.150000E+01    2.841923E+03
6.160000E+01    2.847068E+03
6.170000E+01    2.852213E+03
6.180000E+01    2.857360E+03
6.190000E+01    2.862508E+03
6.200000E+01    2.867658E+03
6.210000E+01    2.872808E+03
6.220000E+01    2.877960E+03
6.230000E+01    2.883113E+03
6.240000E+01    2.888267E+03
6.250000E+01    2.893423E+03
6.260000E+01    2.898580E+03
6.270000E+01    2.903738E+03
6.280000E+01    2.908897E+03
6.290000E+01    2.914058E+03
6.300000E+01    2.919220E+03
6.310000E+01    2.924383E+03
6.320000E+01    2.929547E+03
6.330000E+01    2.934713E+03
6.340000E+01    2.939880E+03
6.350000E+01    2.945048E+03
6.360000E+01    2.950217E+03
6.370000E+01    2.955388E+03
6.380000E+01    2.960560E+03
6.390000E+01    2.965733E+03
6.400000E+01    2.970907E+03
6.410000E+01    2.976083E+03
6.420000E+01    2.981260E+03
6.430000E+01    2.986438E+03
6.440000E+01    2.991617E+03
6.450000E+01    2.996798E+03
6.460000E+01    3.001979E+03
6.470000E+01    3.007163E+03
6.480000E+01    3.012347E+03
6.490000E+01    3.017532E+03
6.500000E+01    3.022719E+03
6.510000E+01    3.027907E+03
6.520000E+01    3.033097E+03
6.530000E+01    3.038287E+03
6.540000E+01    3.043479E+03
6.550000E+01    3.048672E+03
6.560000E+01    3.053866E+03
6.570000E+01    3.059062E+03
6.580000E+01    3.064258E+03
6.590000E+01    3.069456E+03
6.600000E+01    3.074656E+03
6.610000E+01    3.079856E+03
6.620000E+01    3.085058E+03
6.630000E+01    3.090261E+03
6.640000E+01    3.095465E+03
6.650000E+01    3.100670E+03
6.660000E+01    3.105877E+03
6.670000E+01    3.111085E+03
6.680000E+01    3.116294E+03
6.690000E+01    3.121504E+03
6.700000E+01    3.126716E+03
6.710000E+01    3.131929E+03
6.720000E+01    3.137143E+03
6.730000E+01    3.142358E+03
6.740000E+01    3.147575E+03
6.750000E+01    3.152793E+03
6.760000E+01    3.158012E+03
6.770000E+01    3.163232E+03
6.780000E+01    3.168454E+03
6.790000E+01    3.173676E+03
6.800000E+01    3.178900E+03
6.810000E+01    3.184125E+03
6.820000E+01    3.189352E+03
6.830000E+01    3.194580E+03
6.840000E+01    3.199808E+03
6.850000E+01    3.205039E+03
6.860000E+01    3.210270E+03
6.870000E+01    3.215503E+03
6.880000E+01    3.220736E+03
6.890000E+01    3.225972E+03
6.900000E+01    3.231208E+03
6.910000E+01    3.236445E+03
6.920000E+01    3.241684E+03
6.930000E+01    3.246924E+03
6.940000E+01    3.252165E+03
6.950000E+01    3.257408E+03
6.960000E+01    3.262652E+03
6.970000E+01    3.267897E+03
6.980000E+01    3.273143E+03
6.990000E+01    3.278390E+03
7.000000E+01    3.283639E+03
7.010000E+01    3.288888E+03
7.020000E+01    3.294140E+03
7.030000E+01    3.299392E+03
7.040000E+01    3.304645E+03
7.050000E+01    3.309900E+03
7.060000E+01    3.315156E+03
7.070000E+01    3.320413E+03
7.080000E+01    3.325672E+03
7.090000E+01    3.330931E+03
7.100000E+01    3.336192E+03
7.110000E+01    3.341454E+03
7.120000E+01    3.346718E+03
7.130000E+01    3.351982E+03
7.140000E+01    3.357248E+03
7.150000E+01    3.362515E+03
7.160000E+01    3.367783E+03
7.170000E+01    3.373053E+03
7.180000E+01    3.378323E+03
7.190000E+01    3.383595E+03
7.200000E+01    3.388868E+03
7.210000E+01    3.394143E+03
7.220000E+01    3.399418E+03
7.230000E+01    3.404695E+03
7.240000E+01    3.409973E+03
7.250000E+01    3.415252E+03
7.260000E+01    3.420533E+03
7.270000E+01    3.425815E+03
7.280000E+01    3.431097E+03
7.290000E+01    3.436382E+03
7.300000E+01    3.441667E+03
7.310000E+01    3.446953E+03
7.320000E+01    3.452241E+03
7.330000E+01    3.457530E+03
7.340000E+01    3.462820E+03
7.350000E+01    3.468112E+03
7.360000E+01    3.473404E+03
7.370000E+01    3.478698E+03
7.380000E+01    3.483993E+03
7.390000E+01    3.489290E+03
7.400000E+01    3.494587E+03
7.410000E+01    3.499886E+03
7.420000E+01    3.505186E+03
7.430000E+01    3.510487E+03
7.440000E+01    3.515789E+03
7.450000E+01    3.521093E+03
7.460000E+01    3.526398E+03
7.470000E+01    3.531704E+03
7.480000E+01    3.537011E+03
7.490000E+01    3.542320E+03
7.500000E+01    3.547629E+03
7.510000E+01    3.552940E+03
7.520000E+01    3.558252E+03
7.530000E+01    3.563565E+03
7.540000E+01    3.568880E+03
7.550000E+01    3.574196E+03
7.560000E+01    3.579513E+03
7.570000E+01    3.584831E+03
7.580000E+01    3.590150E+03
7.590000E+01    3.595471E+03
7.600000E+01    3.600793E+03
7.610000E+01    3.606116E+03
7.620000E+01    3.611440E+03
7.630000E+01    3.616765E+03
7.640000E+01    3.622092E+03
7.650000E+01    3.627420E+03
7.660000E+01    3.632749E+03
7.670000E+01    3.638079E+03
7.680000E+01    3.643410E+03
7.690000E+01    3.648743E+03
7.700000E+01    3.654077E+03
7.710000E+01    3.659412E+03
7.720000E+01    3.664748E+03
7.730000E+01    3.670086E+03
7.740000E+01    3.675425E+03
7.750000E+01    3.680765E+03
7.760000E+01    3.686106E+03
7.770000E+01    3.691448E+03
7.780000E+01    3.696792E+03
7.790000E+01    3.702136E+03
7.800000E+01    3.707482E+03
7.810000E+01    3.712829E+03
7.820000E+01    3.718178E+03
7.830000E+01    3.723527E+03
7.840000E+01    3.728878E+03
7.850000E+01    3.734230E+03
7.860000E+01    3.739583E+03
7.870000E+01    3.744938E+03
7.880000E+01    3.750293E+03
7.890000E+01    3.755650E+03
7.900000E+01    3.761008E+03
7.910000E+01    3.766367E+03
7.920000E+01    3.771727E+03
7.930000E+01    3.777089E+03
7.940000E+01    3.782452E+03
7.950000E+01    3.787816E+03
7.960000E+01    3.793181E+03
7.970000E+01    3.798547E+03
7.980000E+01    3.803915E+03
7.990000E+01    3.809284E+03
8.000000E+01    3.814654E+03
8.010000E+01    3.820025E+03
8.020000E+01    3.825397E+03
8.030000E+01    3.830771E+03
8.040000E+01    3.836146E+03
8.050000E+01    3.841522E+03
8.060000E+01    3.846899E+03
8.070000E+01    3.852277E+03
8.080000E+01    3.857657E+03
8.090000E+01    3.863038E+03
8.100000E+01    3.868420E+03
8.110000E+01    3.873803E+03
8.120000E+01    3.879187E+03
8.130000E+01    3.884573E+03
8.140000E+01    3.889960E+03
8.150000E+01    3.895348E+03
8.160000E+01    3.900737E+03
8.170000E+01    3.906127E+03
8.180000E+01    3.911519E+03
8.190000E+01    3.916911E+03
8.200000E+01    3.922305E+03
8.210000E+01    3.927700E+03
8.220000E+01    3.933097E+03
8.230000E+01    3.938494E+03
8.240000E+01    3.943893E+03
8.250000E+01    3.949293E+03
8.260000E+01    3.954694E+03
8.270000E+01    3.960096E+03
8.280000E+01    3.965500E+03
8.290000E+01    3.970904E+03
8.300000E+01    3.976310E+03
8.310000E+01    3.981717E+03
8.320000E+01    3.987125E+03
8.330000E+01    3.992535E+03
8.340000E+01    3.997945E+03
8.350000E+01    4.003357E+03
8.360000E+01    4.008770E+03
8.370000E+01    4.014184E+03
8.380000E+01    4.019600E+03
8.390000E+01    4.025016E+03
8.400000E+01    4.030434E+03
8.410000E+01    4.035853E+03
8.420000E+01    4.041273E+03
8.430000E+01    4.046695E+03
8.440000E+01    4.052117E+03
8.450000E+01    4.057541E+03
8.460000E+01    4.062966E+03
8.470000E+01    4.068392E+03
8.480000E+01    4.073819E+03
8.490000E+01    4.079247E+03
8.500000E+01    4.084677E+03
8.510000E+01    4.090108E+03
8.520000E+01    4.095540E+03
8.530000E+01    4.100973E+03
8.540000E+01    4.106407E+03
8.550000E+01    4.111843E+03
8.560000E+01    4.117280E+03
8.570000E+01    4.122718E+03
8.580000E+01    4.128157E+03
8.590000E+01    4.133597E+03
8.600000E+01    4.139038E+03
8.610000E+01    4.144481E+03
8.620000E+01    4.149925E+03
8.630000E+01    4.155370E+03
8.640000E+01    4.160816E+03
8.650000E+01    4.166263E+03
8.660000E+01    4.171712E+03
8.670000E+01    4.177162E+03
8.680000E+01    4.182613E+03
8.690000E+01    4.188065E+03
8.700000E+01    4.193518E+03
8.710000E+01    4.198973E+03
8.720000E+01    4.204428E+03
8.730000E+01    4.209885E+03
8.740000E+01    4.215343E+03
8.750000E+01    4.220802E+03
8.760000E+01    4.226263E+03
8.770000E+01    4.231724E+03
8.780000E+01    4.237187E+03
8.790000E+01    4.242651E+03
8.800000E+01    4.248116E+03
8.810000E+01    4.253582E+03
8.820000E+01    4.259049E+03
8.830000E+01    4.264518E+03
8.840000E+01    4.269988E+03
8.850000E+01    4.275459E+03
8.860000E+01    4.280931E+03
8.870000E+01    4.286404E+03
8.880000E+01    4.291879E+03
8.890000E+01    4.297354E+03
8.900000E+01    4.302831E+03
8.910000E+01    4.308309E+03
8.920000E+01    4.313788E+03
8.930000E+01    4.319269E+03
8.940000E+01    4.324750E+03
8.950000E+01    4.330233E+03
8.960000E+01    4.335717E+03
8.970000E+01    4.341202E+03
8.980000E+01    4.346688E+03
8.990000E+01    4.352176E+03
9.000000E+01    4.357664E+03
9.010000E+01    4.363154E+03
9.020000E+01    4.368645E+03
9.030000E+01    4.374137E+03
9.040000E+01    4.379630E+03
9.050000E+01    4.385125E+03
9.060000E+01    4.390620E+03
9.070000E+01    4.396117E+03
9.080000E+01    4.401615E+03
9.090000E+01    4.407114E+03
9.100000E+01    4.412614E+03
9.110000E+01    4.418116E+03
9.120000E+01    4.423618E+03
9.130000E+01    4.429122E+03
9.140000E+01    4.434627E+03
9.150000E+01    4.440133E+03
9.160000E+01    4.445641E+03
9.170000E+01    4.451149E+03
9.180000E+01    4.456659E+03
9.190000E+01    4.462170E+03
9.200000E+01    4.467682E+03
9.210000E+01    4.473195E+03
9.220000E+01    4.478709E+03
9.230000E+01    4.484224E+03
9.240000E+01    4.489741E+03
9.250000E+01    4.495259E+03
9.260000E+01    4.500778E+03
9.270000E+01    4.506298E+03
9.280000E+01    4.511819E+03
9.290000E+01    4.517342E+03
9.300000E+01    4.522865E+03
9.310000E+01    4.528390E+03
9.320000E+01    4.533916E+03
9.330000E+01    4.539443E+03
9.340000E+01    4.544972E+03
9.350000E+01    4.550501E+03
9.360000E+01    4.556032E+03
9.370000E+01    4.561563E+03
9.380000E+01    4.567096E+03
9.390000E+01    4.572630E+03
9.400000E+01    4.578166E+03
9.410000E+01    4.583702E+03
9.420000E+01    4.589240E+03
9.430000E+01    4.594778E+03
9.440000E+01    4.600318E+03
9.450000E+01    4.605859E+03
9.460000E+01    4.611402E+03
9.470000E+01    4.616945E+03
9.480000E+01    4.622490E+03
9.490000E+01    4.628035E+03
9.500000E+01    4.633582E+03
9.510000E+01    4.639130E+03
9.520000E+01    4.644679E+03
9.530000E+01    4.650230E+03
9.540000E+01    4.655781E+03
9.550000E+01    4.661334E+03
9.560000E+01    4.666888E+03
9.570000E+01    4.672443E+03
9.580000E+01    4.677999E+03
9.590000E+01    4.683556E+03
9.600000E+01    4.689115E+03
9.610000E+01    4.694674E+03
9.620000E+01    4.700235E+03
9.630000E+01    4.705797E+03
9.640000E+01    4.711360E+03
9.650000E+01    4.716924E+03
9.660000E+01    4.722490E+03
9.670000E+01    4.728056E+03
9.680000E+01    4.733624E+03
9.690000E+01    4.739193E+03
9.700000E+01    4.744763E+03
9.710000E+01    4.750334E+03
9.720000E+01    4.755906E+03
9.730000E+01    4.761480E+03
9.740000E+01    4.767054E+03
9.750000E+01    4.772630E+03
9.760000E+01    4.778207E+03
9.770000E+01    4.783785E+03
9.780000E+01    4.789364E+03
9.790000E+01    4.794945E+03
9.800000E+01    4.800526E+03
9.810000E+01    4.806109E+03
9.820000E+01    4.811693E+03
9.830000E+01    4.817278E+03
9.840000E+01    4.822864E+03
9.850000E+01    4.828451E+03
9.860000E+01    4.834040E+03
9.870000E+01    4.839629E+03
9.880000E+01    4.845220E+03
9.890000E+01    4.850812E+03
9.900000E+01    4.856405E+03
9.910000E+01    4.861999E+03
9.920000E+01    4.867595E+03
9.930000E+01    4.873191E+03
9.940000E+01    4.878789E+03
9.950000E+01    4.884388E+03
9.960000E+01    4.889988E+03
9.970000E+01    4.895589E+03
9.980000E+01    4.901191E+03
9.990000E+01    4.906794E+03
1.000000E+02    4.912399E+03
1.001000E+02    4.918005E+03
1.002000E+02    4.923611E+03
1.003000E+02    4.929219E+03
1.004000E+02    4.934828E+03
1.005000E+02    4.940439E+03
1.006000E+02    4.946050E+03
1.007000E+02    4.951663E+03
1.008000E+02    4.957276E+03
1.009000E+02    4.962891E+03
1.010000E+02    4.968507E+03
1.011000E+02    4.974124E+03
1.012000E+02    4.979743E+03
1.013000E+02    4.985362E+03
1.014000E+02    4.990983E+03
1.015000E+02    4.996604E+03
1.016000E+02    5.002227E+03
1.017000E+02    5.007851E+03
1.018000E+02    5.013476E+03
1.019000E+02    5.019103E+03
1.020000E+02    5.024730E+03
1.021000E+02    5.030359E+03
1.022000E+02    5.035988E+03
1.023000E+02    5.041619E+03
1.024000E+02    5.047251E+03
1.025000E+02    5.052884E+03
1.026000E+02    5.058519E+03
1.027000E+02    5.064154E+03
1.028000E+02    5.069791E+03
1.029000E+02    5.075428E+03
1.030000E+02    5.081067E+03
1.031000E+02    5.086707E+03
1.032000E+02    5.092348E+03
1.033000E+02    5.097991E+03
1.034000E+02    5.103634E+03
1.035000E+02    5.109279E+03
1.036000E+02    5.114924E+03
1.037000E+02    5.120571E+03
1.038000E+02    5.126219E+03
1.039000E+02    5.131868E+03
1.040000E+02    5.137518E+03
1.041000E+02    5.143170E+03
1.042000E+02    5.148822E+03
1.043000E+02    5.154476E+03
1.044000E+02    5.160131E+03
1.045000E+02    5.165786E+03
1.046000E+02    5.171443E+03
1.047000E+02    5.177102E+03
1.048000E+02    5.182761E+03
1.049000E+02    5.188421E+03
1.050000E+02    5.194083E+03
1.051000E+02    5.199746E+03
1.052000E+02    5.205410E+03
1.053000E+02    5.211075E+03
1.054000E+02    5.216741E+03
1.055000E+02    5.222408E+03
1.056000E+02    5.228076E+03
1.057000E+02    5.233746E+03
1.058000E+02    5.239417E+03
1.059000E+02    5.245088E+03
1.060000E+02    5.250761E+03
1.061000E+02    5.256435E+03
1.062000E+02    5.262111E+03
1.063000E+02    5.267787E+03
1.064000E+02    5.273464E+03
1.065000E+02    5.279143E+03
1.066000E+02    5.284823E+03
1.067000E+02    5.290503E+03
1.068000E+02    5.296185E+03
1.069000E+02    5.301869E+03
1.070000E+02    5.307553E+03
1.071000E+02    5.313238E+03
1.072000E+02    5.318925E+03
1.073000E+02    5.324612E+03
1.074000E+02    5.330301E+03
1.075000E+02    5.335991E+03
1.076000E+02    5.341682E+03
1.077000E+02    5.347374E+03
1.078000E+02    5.353067E+03
1.079000E+02    5.358762E+03
1.080000E+02    5.364457E+03
1.081000E+02    5.370154E+03
1.082000E+02    5.375852E+03
1.083000E+02    5.381551E+03
1.084000E+02    5.387251E+03
1.085000E+02    5.392952E+03
1.086000E+02    5.398654E+03
1.087000E+02    5.404358E+03
1.088000E+02    5.410062E+03
1.089000E+02    5.415768E+03
1.090000E+02    5.421475E+03
1.091000E+02    5.427183E+03
1.092000E+02    5.432892E+03
1.093000E+02    5.438602E+03
1.094000E+02    5.444313E+03
1.095000E+02    5.450026E+03
1.096000E+02    5.455739E+03
1.097000E+02    5.461454E+03
1.098000E+02    5.467170E+03
1.099000E+02    5.472886E+03
1.100000E+02    5.478605E+03
1.101000E+02    5.484324E+03
1.102000E+02    5.490044E+03
1.103000E+02    5.495765E+03
1.104000E+02    5.501488E+03
1.105000E+02    5.507212E+03
1.106000E+02    5.512936E+03
1.107000E+02    5.518662E+03
1.108000E+02    5.524389E+03
1.109000E+02    5.530117E+03
1.110000E+02    5.535847E+03
1.111000E+02    5.541577E+03
1.112000E+02    5.547309E+03
1.113000E+02    5.553041E+03
1.114000E+02    5.558775E+03
1.115000E+02    5.564510E+03
1.116000E+02    5.570246E+03
1.117000E+02    5.575983E+03
1.118000E+02    5.581721E+03
1.119000E+02    5.587461E+03
1.120000E+02    5.593201E+03
1.121000E+02    5.598943E+03
1.122000E+02    5.604685E+03
1.123000E+02    5.610429E+03
1.124000E+02    5.616174E+03
1.125000E+02    5.621920E+03
1.126000E+02    5.627667E+03
1.127000E+02    5.633416E+03
1.128000E+02    5.639165E+03
1.129000E+02    5.644915E+03
1.130000E+02    5.650667E+03
1.131000E+02    5.656420E+03
1.132000E+02    5.662174E+03
1.133000E+02    5.667929E+03
1.134000E+02    5.673685E+03
1.135000E+02    5.679442E+03
1.136000E+02    5.685200E+03
1.137000E+02    5.690960E+03
1.138000E+02    5.696720E+03
1.139000E+02    5.702482E+03
1.140000E+02    5.708245E+03
1.141000E+02    5.714009E+03
1.142000E+02    5.719774E+03
1.143000E+02    5.725540E+03
1.144000E+02    5.731307E+03
1.145000E+02    5.737076E+03
1.146000E+02    5.742845E+03
1.147000E+02    5.748616E+03
1.148000E+02    5.754387E+03
1.149000E+02    5.760160E+03
1.150000E+02    5.765934E+03
1.151000E+02    5.771709E+03
1.152000E+02    5.777485E+03
1.153000E+02    5.783263E+03
1.154000E+02    5.789041E+03
1.155000E+02    5.794820E+03
1.156000E+02    5.800601E+03
1.157000E+02    5.806383E+03
1.158000E+02    5.812166E+03
1.159000E+02    5.817949E+03
1.160000E+02    5.823734E+03
1.161000E+02    5.829521E+03
1.162000E+02    5.835308E+03
1.163000E+02    5.841096E+03
1.164000E+02    5.846886E+03
1.165000E+02    5.852676E+03
1.166000E+02    5.858468E+03
1.167000E+02    5.864261E+03
1.168000E+02    5.870055E+03
1.169000E+02    5.875850E+03
1.170000E+02    5.881646E+03
1.171000E+02    5.887443E+03
1.172000E+02    5.893241E+03
1.173000E+02    5.899041E+03
1.174000E+02    5.904841E+03
1.175000E+02    5.910643E+03
1.176000E+02    5.916446E+03
1.177000E+02    5.922250E+03
1.178000E+02    5.928055E+03
1.179000E+02    5.933861E+03
1.180000E+02    5.939668E+03
1.181000E+02    5.945476E+03
1.182000E+02    5.951286E+03
1.183000E+02    5.957096E+03
1.184000E+02    5.962908E+03
1.185000E+02    5.968720E+03
1.186000E+02    5.974534E+03
1.187000E+02    5.980349E+03
1.188000E+02    5.986165E+03
1.189000E+02    5.991982E+03
1.190000E+02    5.997800E+03
1.191000E+02    6.003620E+03
1.192000E+02    6.009440E+03
1.193000E+02    6.015262E+03
1.194000E+02    6.021084E+03
1.195000E+02    6.026908E+03
1.196000E+02    6.032733E+03
1.197000E+02    6.038559E+03
1.198000E+02    6.044386E+03
1.199000E+02    6.050214E+03
1.200000E+02    6.056043E+03
1.201000E+02    6.061874E+03
1.202000E+02    6.067705E+03
1.203000E+02    6.073538E+03
1.204000E+02    6.079371E+03
1.205000E+02    6.085206E+03
1.206000E+02    6.091042E+03
1.207000E+02    6.096879E+03
1.208000E+02    6.102717E+03
1.209000E+02    6.108556E+03
1.210000E+02    6.114396E+03
1.211000E+02    6.120238E+03
1.212000E+02    6.126080E+03
1.213000E+02    6.131924E+03
1.214000E+02    6.137768E+03
1.215000E+02    6.143614E+03
1.216000E+02    6.149461E+03
1.217000E+02    6.155309E+03
1.218000E+02    6.161158E+03
1.219000E+02    6.167008E+03
1.220000E+02    6.172859E+03
1.221000E+02    6.178712E+03
1.222000E+02    6.184565E+03
1.223000E+02    6.190419E+03
1.224000E+02    6.196275E+03
1.225000E+02    6.202132E+03
1.226000E+02    6.207990E+03
1.227000E+02    6.213849E+03
1.228000E+02    6.219708E+03
1.229000E+02    6.225570E+03
1.230000E+02    6.231432E+03
1.231000E+02    6.237295E+03
1.232000E+02    6.243159E+03
1.233000E+02    6.249025E+03
1.234000E+02    6.254891E+03
1.235000E+02    6.260759E+03
1.236000E+02    6.266628E+03
1.237000E+02    6.272498E+03
1.238000E+02    6.278369E+03
1.239000E+02    6.284241E+03
1.240000E+02    6.290114E+03
1.241000E+02    6.295988E+03
1.242000E+02    6.301863E+03
1.243000E+02    6.307740E+03
1.244000E+02    6.313617E+03
1.245000E+02    6.319496E+03
1.246000E+02    6.325375E+03
1.247000E+02    6.331256E+03
1.248000E+02    6.337138E+03
1.249000E+02    6.343021E+03
1.250000E+02    6.348905E+03
1.251000E+02    6.354790E+03
1.252000E+02    6.360676E+03
1.253000E+02    6.366564E+03
1.254000E+02    6.372452E+03
1.255000E+02    6.378341E+03
1.256000E+02    6.384232E+03
1.257000E+02    6.390124E+03
1.258000E+02    6.396016E+03
1.259000E+02    6.401910E+03
1.260000E+02    6.407805E+03
1.261000E+02    6.413701E+03
1.262000E+02    6.419598E+03
1.263000E+02    6.425496E+03
1.264000E+02    6.431396E+03
1.265000E+02    6.437296E+03
1.266000E+02    6.443197E+03
1.267000E+02    6.449100E+03
1.268000E+02    6.455004E+03
1.269000E+02    6.460908E+03
1.270000E+02    6.466814E+03
1.271000E+02    6.472721E+03
1.272000E+02    6.478629E+03
1.273000E+02    6.484538E+03
1.274000E+02    6.490448E+03
1.275000E+02    6.496359E+03
1.276000E+02    6.502272E+03
1.277000E+02    6.508185E+03
1.278000E+02    6.514099E+03
1.279000E+02    6.520015E+03
1.280000E+02    6.525932E+03
1.281000E+02    6.531849E+03
1.282000E+02    6.537768E+03
1.283000E+02    6.543688E+03
1.284000E+02    6.549609E+03
1.285000E+02    6.555531E+03
1.286000E+02    6.561454E+03
1.287000E+02    6.567378E+03
1.288000E+02    6.573304E+03
1.289000E+02    6.579230E+03
1.290000E+02    6.585158E+03
1.291000E+02    6.591086E+03
1.292000E+02    6.597016E+03
1.293000E+02    6.602947E+03
1.294000E+02    6.608878E+03
1.295000E+02    6.614811E+03
1.296000E+02    6.620745E+03
1.297000E+02    6.626680E+03
1.298000E+02    6.632616E+03
1.299000E+02    6.638554E+03
1.300000E+02    6.644492E+03
1.301000E+02    6.650431E+03
1.302000E+02    6.656372E+03
1.303000E+02    6.662313E+03
1.304000E+02    6.668256E+03
1.305000E+02    6.674199E+03
1.306000E+02    6.680144E+03
1.307000E+02    6.686090E+03
1.308000E+02    6.692037E+03
1.309000E+02    6.697985E+03
1.310000E+02    6.703934E+03
1.311000E+02    6.709884E+03
1.312000E+02    6.715835E+03
1.313000E+02    6.721788E+03
1.314000E+02    6.727741E+03
1.315000E+02    6.733695E+03
1.316000E+02    6.739651E+03
1.317000E+02    6.745608E+03
1.318000E+02    6.751565E+03
1.319000E+02    6.757524E+03
1.320000E+02    6.763484E+03
1.321000E+02    6.769445E+03
1.322000E+02    6.775407E+03
1.323000E+02    6.781370E+03
1.324000E+02    6.787334E+03
1.325000E+02    6.793299E+03
1.326000E+02    6.799265E+03
1.327000E+02    6.805233E+03
1.328000E+02    6.811201E+03
1.329000E+02    6.817171E+03
1.330000E+02    6.823141E+03
1.331000E+02    6.829113E+03
1.332000E+02    6.835086E+03
1.333000E+02    6.841060E+03
1.334000E+02    6.847034E+03
1.335000E+02    6.853010E+03
1.336000E+02    6.858987E+03
1.337000E+02    6.864966E+03
1.338000E+02    6.870945E+03
1.339000E+02    6.876925E+03
1.340000E+02    6.882906E+03
1.341000E+02    6.888889E+03
1.342000E+02    6.894872E+03
1.343000E+02    6.900857E+03
1.344000E+02    6.906842E+03
1.345000E+02    6.912829E+03
1.346000E+02    6.918817E+03
1.347000E+02    6.924805E+03
1.348000E+02    6.930795E+03
1.349000E+02    6.936786E+03
1.350000E+02    6.942778E+03
1.351000E+02    6.948771E+03
1.352000E+02    6.954765E+03
1.353000E+02    6.960761E+03
1.354000E+02    6.966757E+03
1.355000E+02    6.972754E+03
1.356000E+02    6.978753E+03
1.357000E+02    6.984752E+03
1.358000E+02    6.990753E+03
1.359000E+02    6.996755E+03
1.360000E+02    7.002757E+03
1.361000E+02    7.008761E+03
1.362000E+02    7.014766E+03
1.363000E+02    7.020772E+03
1.364000E+02    7.026779E+03
1.365000E+02    7.032787E+03
1.366000E+02    7.038796E+03
1.367000E+02    7.044806E+03
1.368000E+02    7.050817E+03
1.369000E+02    7.056830E+03
1.370000E+02    7.062843E+03
1.371000E+02    7.068857E+03
1.372000E+02    7.074873E+03
1.373000E+02    7.080889E+03
1.374000E+02    7.086907E+03
1.375000E+02    7.092926E+03
1.376000E+02    7.098946E+03
1.377000E+02    7.104966E+03
1.378000E+02    7.110988E+03
1.379000E+02    7.117011E+03
1.380000E+02    7.123035E+03
1.381000E+02    7.129060E+03
1.382000E+02    7.135087E+03
1.383000E+02    7.141114E+03
1.384000E+02    7.147142E+03
1.385000E+02    7.153171E+03
1.386000E+02    7.159202E+03
1.387000E+02    7.165233E+03
1.388000E+02    7.171266E+03
1.389000E+02    7.177299E+03
1.390000E+02    7.183334E+03
1.391000E+02    7.189370E+03
1.392000E+02    7.195406E+03
1.393000E+02    7.201444E+03
1.394000E+02    7.207483E+03
1.395000E+02    7.213523E+03
1.396000E+02    7.219564E+03
1.397000E+02    7.225606E+03
1.398000E+02    7.231649E+03
1.399000E+02    7.237694E+03
1.400000E+02    7.243739E+03
1.401000E+02    7.249785E+03
1.402000E+02    7.255833E+03
1.403000E+02    7.261881E+03
1.404000E+02    7.267930E+03
1.405000E+02    7.273981E+03
1.406000E+02    7.280033E+03
1.407000E+02    7.286085E+03
1.408000E+02    7.292139E+03
1.409000E+02    7.298194E+03
1.410000E+02    7.304250E+03
1.411000E+02    7.310307E+03
1.412000E+02    7.316365E+03
1.413000E+02    7.322424E+03
1.414000E+02    7.328484E+03
1.415000E+02    7.334545E+03
1.416000E+02    7.340607E+03
1.417000E+02    7.346670E+03
1.418000E+02    7.352735E+03
1.419000E+02    7.358800E+03
1.420000E+02    7.364866E+03
1.421000E+02    7.370934E+03
1.422000E+02    7.377002E+03
1.423000E+02    7.383072E+03
1.424000E+02    7.389143E+03
1.425000E+02    7.395214E+03
1.426000E+02    7.401287E+03
1.427000E+02    7.407361E+03
1.428000E+02    7.413436E+03
1.429000E+02    7.419512E+03
1.430000E+02    7.425589E+03
1.431000E+02    7.431667E+03
1.432000E+02    7.437746E+03
1.433000E+02    7.443826E+03
1.434000E+02    7.449907E+03
1.435000E+02    7.455989E+03
1.436000E+02    7.462073E+03
1.437000E+02    7.468157E+03
1.438000E+02    7.474242E+03
1.439000E+02    7.480329E+03
1.440000E+02    7.486416E+03
1.441000E+02    7.492505E+03
1.442000E+02    7.498594E+03
1.443000E+02    7.504685E+03
1.444000E+02    7.510777E+03
1.445000E+02    7.516869E+03
1.446000E+02    7.522963E+03
1.447000E+02    7.529058E+03
1.448000E+02    7.535154E+03
1.449000E+02    7.541251E+03
1.450000E+02    7.547349E+03
1.451000E+02    7.553448E+03
1.452000E+02    7.559548E+03
1.453000E+02    7.565649E+03
1.454000E+02    7.571752E+03
1.455000E+02    7.577855E+03
1.456000E+02    7.583959E+03
1.457000E+02    7.590065E+03
1.458000E+02    7.596171E+03
1.459000E+02    7.602278E+03
1.460000E+02    7.608387E+03
1.461000E+02    7.614497E+03
1.462000E+02    7.620607E+03
1.463000E+02    7.626719E+03
1.464000E+02    7.632831E+03
1.465000E+02    7.638945E+03
1.466000E+02    7.645060E+03
1.467000E+02    7.651176E+03
1.468000E+02    7.657293E+03
1.469000E+02    7.663411E+03
1.470000E+02    7.669530E+03
1.471000E+02    7.675650E+03
1.472000E+02    7.681771E+03
1.473000E+02    7.687893E+03
1.474000E+02    7.694016E+03
1.475000E+02    7.700140E+03
1.476000E+02    7.706266E+03
1.477000E+02    7.712392E+03
1.478000E+02    7.718519E+03
1.479000E+02    7.724648E+03
1.480000E+02    7.730777E+03
1.481000E+02    7.736908E+03
1.482000E+02    7.743039E+03
1.483000E+02    7.749172E+03
1.484000E+02    7.755305E+03
1.485000E+02    7.761440E+03
1.486000E+02    7.767576E+03
1.487000E+02    7.773712E+03
1.488000E+02    7.779850E+03
1.489000E+02    7.785989E+03
1.490000E+02    7.792129E+03
1.491000E+02    7.798270E+03
1.492000E+02    7.804412E+03
1.493000E+02    7.810555E+03
1.494000E+02    7.816699E+03
1.495000E+02    7.822844E+03
1.496000E+02    7.828990E+03
1.497000E+02    7.835137E+03
1.498000E+02    7.841285E+03
1.499000E+02    7.847435E+03
1.500000E+02    7.853585E+03
1.501000E+02    7.859736E+03
1.502000E+02    7.865889E+03
1.503000E+02    7.872042E+03
1.504000E+02    7.878197E+03
1.505000E+02    7.884352E+03
1.506000E+02    7.890509E+03
1.507000E+02    7.896666E+03
1.508000E+02    7.902825E+03
1.509000E+02    7.908984E+03
1.510000E+02    7.915145E+03
1.511000E+02    7.921307E+03
1.512000E+02    7.927470E+03
1.513000E+02    7.933634E+03
1.514000E+02    7.939798E+03
1.515000E+02    7.945964E+03
1.516000E+02    7.952131E+03
1.517000E+02    7.958299E+03
1.518000E+02    7.964468E+03
1.519000E+02    7.970638E+03
1.520000E+02    7.976809E+03
1.521000E+02    7.982981E+03
1.522000E+02    7.989155E+03
1.523000E+02    7.995329E+03
1.524000E+02    8.001504E+03
1.525000E+02    8.007680E+03
1.526000E+02    8.013858E+03
1.527000E+02    8.020036E+03
1.528000E+02    8.026215E+03
1.529000E+02    8.032396E+03
1.530000E+02    8.038577E+03
1.531000E+02    8.044760E+03
1.532000E+02    8.050943E+03
1.533000E+02    8.057128E+03
1.534000E+02    8.063313E+03
1.535000E+02    8.069500E+03
1.536000E+02    8.075688E+03
1.537000E+02    8.081876E+03
1.538000E+02    8.088066E+03
1.539000E+02    8.094257E+03
1.540000E+02    8.097707E+03
1.541000E+02    8.100231E+03
1.542000E+02    8.102210E+03
1.543000E+02    8.103813E+03
1.544000E+02    8.105134E+03
1.545000E+02    8.106232E+03
1.546000E+02    8.107144E+03
1.547000E+02    8.107896E+03
1.548000E+02    8.108509E+03
1.549000E+02    8.108995E+03
1.550000E+02    8.109365E+03
1.551000E+02    8.109627E+03
1.552000E+02    8.109786E+03
1.553000E+02    8.109844E+03
1.554000E+02    8.109804E+03
1.555000E+02    8.109667E+03
1.556000E+02    8.109432E+03
1.557000E+02    8.109105E+03
1.558000E+02    8.108688E+03
1.559000E+02    8.108187E+03
1.560000E+02    8.107609E+03
1.561000E+02    8.106962E+03
1.562000E+02    8.106252E+03
1.563000E+02    8.105489E+03
1.564000E+02    8.104678E+03
1.565000E+02    8.103827E+03
1.566000E+02    8.102944E+03
1.567000E+02    8.102033E+03
1.568000E+02    8.101100E+03
1.569000E+02    8.100151E+03
1.570000E+02    8.099188E+03
1.571000E+02    8.098215E+03
1.572000E+02    8.097236E+03
1.573000E+02    8.096252E+03
1.574000E+02    8.095266E+03
1.575000E+02    8.094279E+03
1.576000E+02    8.093293E+03
1.577000E+02    8.092309E+03
1.578000E+02    8.091328E+03
1.579000E+02    8.090350E+03
1.580000E+02    8.089377E+03
1.581000E+02    8.088408E+03
1.582000E+02    8.087445E+03
1.583000E+02    8.086488E+03
1.584000E+02    8.085536E+03
1.585000E+02    8.084591E+03
1.586000E+02    8.083652E+03
1.587000E+02    8.082719E+03
1.588000E+02    8.081793E+03
1.589000E+02    8.080874E+03
1.590000E+02    8.079962E+03
1.591000E+02    8.079057E+03
1.592000E+02    8.078159E+03
1.593000E+02    8.077268E+03
1.594000E+02    8.076385E+03
1.595000E+02    8.075509E+03
1.596000E+02    8.074641E+03
1.597000E+02    8.073780E+03
1.598000E+02    8.072927E+03
1.599000E+02    8.072081E+03
1.600000E+02    8.071243E+03
1.601000E+02    8.070414E+03
1.602000E+02    8.069592E+03
1.603000E+02    8.068778E+03
1.604000E+02    8.067972E+03
1.605000E+02    8.067175E+03
1.606000E+02    8.066386E+03
1.607000E+02    8.065605E+03
1.608000E+02    8.064833E+03
1.609000E+02    8.064069E+03
1.610000E+02    8.063314E+03
1.611000E+02    8.062568E+03
1.612000E+02    8.061831E+03
1.613000E+02    8.061103E+03
1.614000E+02    8.060384E+03
1.615000E+02    8.059674E+03
1.616000E+02    8.058974E+03
1.617000E+02    8.058283E+03
1.618000E+02    8.057602E+03
1.619000E+02    8.056931E+03
1.620000E+02    8.056269E+03
1.621000E+02    8.055618E+03
1.622000E+02    8.054977E+03
1.623000E+02    8.054347E+03
1.624000E+02    8.053727E+03
1.625000E+02    8.053119E+03
1.626000E+02    8.052521E+03
1.627000E+02    8.051935E+03
1.628000E+02    8.051360E+03
1.629000E+02    8.050797E+03
1.630000E+02    8.050246E+03
1.631000E+02    8.049707E+03
1.632000E+02    8.049181E+03
1.633000E+02    8.048668E+03
1.634000E+02    8.048168E+03
1.635000E+02    8.047682E+03
1.636000E+02    8.047210E+03
1.637000E+02    8.046753E+03
1.638000E+02    8.046311E+03
1.639000E+02    8.045885E+03
1.640000E+02    8.045475E+03
1.641000E+02    8.045082E+03
1.642000E+02    8.044707E+03
1.643000E+02    8.044351E+03
1.644000E+02    8.044016E+03
1.645000E+02    8.043701E+03
1.646000E+02    8.043411E+03
1.647000E+02    8.043145E+03
1.648000E+02    8.042909E+03
1.649000E+02    8.042705E+03
1.650000E+02    8.042543E+03
1.651000E+02    8.042440E+03
1.652000E+02    8.042516E+03
1.653000E+02    8.042557E+03
1.654000E+02    8.042508E+03
1.655000E+02    8.042354E+03
1.656000E+02    8.042052E+03
1.657000E+02    8.041502E+03
1.658000E+02    8.040443E+03
1.659000E+02    8.037992E+03
1.660000E+02    8.029402E+03
1.661000E+02    7.955048E+03
1.662000E+02    3.467954E+03
1.663000E+02    -1.456981E+07
